EcoCar Fuel Cell Log
16:26:9
millis, H2 Pressure, Safe Code, SVolt, BVolt, Temp

12693,0,0,0,0,0,false

12718,0,0,0,0,0,false

12734,0,0,0,0,0,false

12751,0,0,0,0,0,false

12770,0,0,0,0,0,false

12788,0,0,0,0,0,false

12808,0,0,0,0,0,false

12828,0,0,0,0,0,false

12845,0,0,0,0,0,false

12864,0,0,0,0,0,false

12884,0,0,0,0,0,false

12910,0,0,0,0,0,false

12930,0,0,0,0,0,false

12952,0,0,0,0,0,false

12973,0,0,0,0,0,false

12994,0,0,0,0,0,false

13013,0,0,0,0,0,false

13033,0,0,0,0,0,false

13051,0,0,0,0,0,false

13072,0,0,0,0,0,false

13089,0,0,0,0,0,false

13112,0,0,0,0,0,false

13133,768,0,0,0,0,false

13150,832,0,0,0,0,false

13172,832,0,0,0,0,false

13192,832,832,0,0,0,false

13217,832,64,0,0,0,false

13237,832,0,0,0,0,false

13256,832,0,0,0,0,false

13274,832,0,0,0,0,false

13294,832,0,0,0,0,false

13314,832,0,0,0,0,false

13340,832,0,0,0,0,false

13362,832,0,0,0,0,false

13385,832,0,0,0,0,false

13406,832,0,0,0,0,false

13427,832,0,0,0,0,false

13451,832,0,0,0,0,false

13477,832,0,0,0,0,false

13498,832,0,0,0,0,false

13519,832,0,0,0,0,false

13541,832,0,0,0,0,false

13563,832,0,0,0,0,false

13583,832,0,0,0,0,false

13602,832,0,0,0,0,false

13624,832,0,0,0,0,false

13644,832,0,0,0,0,false

13663,832,0,0,0,0,false

13684,832,0,0,0,0,false

13716,832,0,0,0,0,false

13745,832,0,0,0,0,false

13770,832,0,0,0,0,false

13796,832,0,0,0,0,false

13816,832,0,0,0,0,false

13839,832,0,0,0,0,false

13864,832,0,0,0,0,false

13889,832,0,0,0,0,false

13913,832,0,0,0,0,false

13936,832,0,0,0,0,false

13964,832,0,0,0,0,false

13987,832,0,0,0,0,false

14014,832,0,0,0,0,false

14039,832,0,0,0,0,false

14064,832,0,0,0,0,false

14088,832,0,0,0,0,false

14112,832,0,0,0,0,false

14134,832,0,0,0,0,false

14153,832,0,0,0,0,false

14173,832,0,0,0,0,false

14196,832,0,0,0,0,false

14222,832,0,0,0,0,false

14246,832,0,0,0,0,false

14268,832,0,0,0,0,false

14293,832,0,0,0,0,false

14315,832,0,0,0,0,false

14341,832,0,0,0,0,false

14363,832,0,0,0,0,false

14389,832,0,0,0,0,false

14418,832,0,0,0,0,false

14443,832,0,0,0,0,false

14469,832,0,0,0,0,false

14494,832,0,0,0,0,false

14522,832,0,0,0,0,false

14548,832,0,0,0,0,false

14573,832,0,0,0,0,false

14600,832,0,0,0,0,false

14628,832,0,0,0,0,false

14652,832,0,0,0,0,false

14675,832,0,0,0,0,false

14696,832,0,0,0,0,false

14722,832,0,0,0,0,false

14747,832,0,0,0,0,false

14772,832,0,0,0,0,false

14794,832,0,0,0,0,false

14815,832,0,0,0,0,false

14839,832,0,0,0,0,false

14862,832,0,0,0,0,false

14887,832,0,0,0,0,false

14914,832,0,0,0,0,false

14942,832,0,0,0,0,false

14970,832,0,0,0,0,false

14996,832,0,0,0,0,false

15022,832,0,0,0,0,false

15047,832,0,0,0,0,false

15070,832,0,0,0,0,false

15096,0,0,0,0,0,false

15120,768,0,0,0,0,false

15145,832,0,0,0,0,false

15170,832,0,0,0,0,false

15197,832,832,0,0,0,false

15226,832,64,0,0,0,false

15252,832,0,0,0,0,false

15276,832,0,0,0,0,false

15301,832,0,0,0,0,false

15326,832,0,0,0,0,false

15352,832,0,0,0,0,false

15376,832,0,0,0,0,false

15398,832,0,0,0,0,false

15424,832,0,0,0,0,false

15451,832,0,0,0,0,false

15478,832,0,0,0,0,false

15500,832,0,0,0,0,false

15523,832,0,0,0,0,false

15545,832,0,0,0,0,false

15569,832,0,0,0,0,false

15595,832,0,0,0,0,false

15618,832,0,0,0,0,false

15643,832,0,0,0,0,false

15668,832,0,0,0,0,false

15690,832,0,0,0,0,false

15720,832,0,0,0,0,false

15748,832,0,0,0,0,false

15777,832,0,0,0,0,false

15805,832,0,0,0,0,false

15828,832,0,0,0,0,false

15857,832,0,0,0,0,false

15885,832,0,0,0,0,false

15908,832,0,0,0,0,false

15932,832,0,0,0,0,false

15959,832,0,0,0,0,false

15988,832,0,0,0,0,false

16011,832,0,0,0,0,false

16036,832,0,0,0,0,false

16063,832,0,0,0,0,false

16091,832,0,0,0,0,false

16115,832,0,0,0,0,false

16137,832,0,0,0,0,false

16162,832,0,0,0,0,false

16188,832,0,0,0,0,false

16220,832,0,0,0,0,false

16247,832,0,0,0,0,false

16273,832,0,0,0,0,false

16301,832,0,0,0,0,false

16329,832,0,0,0,0,false

16358,832,0,0,0,0,false

16384,832,0,0,0,0,false

16410,832,0,0,0,0,false

16438,832,0,0,0,0,false

16473,832,0,0,0,0,false

16505,832,0,0,0,0,false

16529,832,0,0,0,0,false

16552,832,0,0,0,0,false

16578,832,0,0,0,0,false

16603,832,0,0,0,0,false

16627,832,0,0,0,0,false

16650,832,0,0,0,0,false

16675,832,0,0,0,0,false

16700,832,0,0,0,0,false

16727,832,0,0,0,0,false

16752,832,0,0,0,0,false

16778,832,0,0,0,0,false

16803,832,0,0,0,0,false

16833,832,0,0,0,0,false

16859,832,0,0,0,0,false

16886,832,0,0,0,0,false

16908,832,0,0,0,0,false

16937,832,0,0,0,0,false

16967,832,0,0,0,0,false

16996,832,0,0,0,0,false

17024,832,0,0,0,0,false

17052,832,0,0,0,0,false

17075,832,0,0,0,0,false

17105,832,0,0,0,0,false

17132,832,0,0,0,0,false

17156,832,0,0,0,0,false

17178,832,0,0,0,0,false

17201,832,0,0,0,0,false

17229,832,0,0,0,0,false

17254,832,0,0,0,0,false

17277,0,0,0,0,0,false

17303,768,0,0,0,0,false

17326,832,0,0,0,0,false

17356,832,0,0,0,0,false

17382,832,832,0,0,0,false

17406,832,64,0,0,0,false

17432,832,0,0,0,0,false

17462,832,0,0,0,0,false

17489,832,0,0,0,0,false

17517,832,0,0,0,0,false

17541,832,0,0,0,0,false

17569,832,0,0,0,0,false

17597,832,0,0,0,0,false

17626,832,0,0,0,0,false

17657,832,0,0,0,0,false

17683,832,0,0,0,0,false

17711,832,0,0,0,0,false

17742,832,0,0,0,0,false

17769,832,0,0,0,0,false

17795,832,0,0,0,0,false

17821,832,0,0,0,0,false

17849,832,0,0,0,0,false

17878,832,0,0,0,0,false

17902,832,0,0,0,0,false

17929,832,0,0,0,0,false

17956,832,0,0,0,0,false

17980,832,0,0,0,0,false

18007,832,0,0,0,0,false

18033,832,0,0,0,0,false

18060,832,0,0,0,0,false

18088,832,0,0,0,0,false

18112,832,0,0,0,0,false

18138,832,0,0,0,0,false

18173,832,0,0,0,0,false

18203,832,0,0,0,0,false

18233,832,0,0,0,0,false

18260,832,0,0,0,0,false

18287,832,0,0,0,0,false

18318,832,0,0,0,0,false

18352,832,0,0,0,0,false

18378,832,0,0,0,0,false

18403,832,0,0,0,0,false

18427,832,0,0,0,0,false

18452,832,0,0,0,0,false

18475,832,0,0,0,0,false

18500,832,0,0,0,0,false

18526,832,0,0,0,0,false

18552,832,0,0,0,0,false

18576,832,0,0,0,0,false

18599,832,0,0,0,0,false

18678,832,0,0,0,0,false

18704,832,0,0,0,0,false

18726,832,0,0,0,0,false

18754,832,0,0,0,0,false

18785,832,0,0,0,0,false

18812,832,0,0,0,0,false

18841,832,0,0,0,0,false

18870,832,0,0,0,0,false

18900,832,0,0,0,0,false

18930,832,0,0,0,0,false

18958,832,0,0,0,0,false

18986,832,0,0,0,0,false

19006,832,0,0,0,0,false

19026,832,0,0,0,0,false

19050,832,0,0,0,0,false

19074,832,0,0,0,0,false

19097,832,0,0,0,0,false

19120,832,0,0,0,0,false

19143,832,0,0,0,0,false

19166,832,0,0,0,0,false

19187,832,0,0,0,0,false

19214,832,0,0,0,0,false

19237,832,0,0,0,0,false

19263,832,0,0,0,0,false

19289,832,0,0,0,0,false

19314,832,0,0,0,0,false

19338,832,0,0,0,0,false

19358,832,0,0,0,0,false

19380,832,0,0,0,0,false

19402,832,0,0,0,0,false

19426,832,0,0,0,0,false

19451,832,0,0,0,0,false

19476,832,0,0,0,0,false

19501,832,0,0,0,0,false

19530,0,0,0,0,0,false

19558,768,0,0,0,0,false

19582,832,0,0,0,0,false

19603,832,0,0,0,0,false

19629,832,832,0,0,0,false

19648,832,64,0,0,0,false

19669,832,0,0,0,0,false

19690,832,0,0,0,0,false

19712,832,0,0,0,0,false

19731,832,0,0,0,0,false

19751,832,0,0,0,0,false

19774,832,0,0,0,0,false

19795,832,0,0,0,0,false

19815,832,0,0,0,0,false

19837,832,0,0,0,0,false

19860,832,0,0,0,0,false

19880,832,0,0,0,0,false

19902,832,0,0,0,0,false

19925,832,0,0,0,0,false

19946,832,0,0,0,0,false

19970,832,0,0,0,0,false

19992,832,0,0,0,0,false

20015,832,0,0,0,0,false

20041,832,0,0,0,0,false

20065,832,0,0,0,0,false

20084,832,0,0,0,0,false

20108,832,0,0,0,0,false

20134,832,0,0,0,0,false

20157,832,0,0,0,0,false

20180,832,0,0,0,0,false

20201,832,0,0,0,0,false

20221,832,0,0,0,0,false

20240,832,0,0,0,0,false

20259,832,0,0,0,0,false

20276,832,0,0,0,0,false

20295,832,0,0,0,0,false

20316,832,0,0,0,0,false

20339,832,0,0,0,0,false

20357,832,0,0,0,0,false

20375,832,0,0,0,0,false

20394,832,0,0,0,0,false

20414,832,0,0,0,0,false

20434,832,0,0,0,0,false

20453,832,0,0,0,0,false

20474,832,0,0,0,0,false

20492,832,0,0,0,0,false

20509,832,0,0,0,0,false

20528,832,0,0,0,0,false

20545,832,0,0,0,0,false

20563,832,0,0,0,0,false

20587,832,0,0,0,0,false

20609,832,0,0,0,0,false

20632,832,0,0,0,0,false

20656,832,0,0,0,0,false

20676,832,0,0,0,0,false

20703,832,0,0,0,0,false

20727,832,0,0,0,0,false

20747,832,0,0,0,0,false

20770,832,0,0,0,0,false

20790,832,0,0,0,0,false

20813,832,0,0,0,0,false

20836,832,0,0,0,0,false

20857,832,0,0,0,0,false

20878,832,0,0,0,0,false

20901,832,0,0,0,0,false

20919,832,0,0,0,0,false

20938,832,0,0,0,0,false

20959,832,0,0,0,0,false

20980,832,0,0,0,0,false

20999,832,0,0,0,0,false

21020,832,0,0,0,0,false

21040,832,0,0,0,0,false

21060,832,0,0,0,0,false

21077,832,0,0,0,0,false

21096,832,0,0,0,0,false

21117,832,0,0,0,0,false

21140,832,0,0,0,0,false

21164,832,0,0,0,0,false

21188,832,0,0,0,0,false

21217,832,0,0,0,0,false

21237,832,0,0,0,0,false

21258,832,0,0,0,0,false

21282,832,0,0,0,0,false

21306,832,0,0,0,0,false

21326,0,0,0,0,0,false

21345,768,0,0,0,0,false

21364,832,0,0,0,0,false

21382,832,0,0,0,0,false

21403,832,832,0,0,0,false

21420,832,64,0,0,0,false

21437,832,0,0,0,0,false

21458,832,0,0,0,0,false

21474,832,0,0,0,0,false

21496,832,0,0,0,0,false

21517,832,0,0,0,0,false

21539,832,0,0,0,0,false

21557,832,0,0,0,0,false

21576,832,0,0,0,0,false

21594,832,0,0,0,0,false

21613,832,0,0,0,0,false

21630,832,0,0,0,0,false

21647,832,0,0,0,0,false

21664,832,0,0,0,0,false

21683,832,0,0,0,0,false

21702,832,0,0,0,0,false

21720,832,0,0,0,0,false

21741,832,0,0,0,0,false

21762,832,0,0,0,0,false

21783,832,0,0,0,0,false

21804,832,0,0,0,0,false

21824,832,0,0,0,0,false

21841,832,0,0,0,0,false

21860,832,0,0,0,0,false

21877,832,0,0,0,0,false

21896,832,0,0,0,0,false

21915,832,0,0,0,0,false

21931,832,0,0,0,0,false

21950,832,0,0,0,0,false

21970,832,0,0,0,0,false

21990,832,0,0,0,0,false

22005,832,0,0,0,0,false

22021,832,0,0,0,0,false

22036,832,0,0,0,0,false

22051,832,0,0,0,0,false

22065,832,0,0,0,0,false

22080,832,0,0,0,0,false

22097,832,0,0,0,0,false

22113,832,0,0,0,0,false

22130,832,0,0,0,0,false

22150,832,0,0,0,0,false

22168,832,0,0,0,0,false

22184,832,0,0,0,0,false

22203,832,0,0,0,0,false

22221,832,0,0,0,0,false

22238,832,0,0,0,0,false

22255,832,0,0,0,0,false

22275,832,0,0,0,0,false

22294,832,0,0,0,0,false

22312,832,0,0,0,0,false

22333,832,0,0,0,0,false

22351,832,0,0,0,0,false

22370,832,0,0,0,0,false

22389,832,0,0,0,0,false

22404,832,0,0,0,0,false

22423,832,0,0,0,0,false

22441,832,0,0,0,0,false

22459,832,0,0,0,0,false

22479,832,0,0,0,0,false

22496,832,0,0,0,0,false

22516,832,0,0,0,0,false

22536,832,0,0,0,0,false

22553,832,0,0,0,0,false

22568,832,0,0,0,0,false

22586,832,0,0,0,0,false

22607,832,0,0,0,0,false

22628,832,0,0,0,0,false

22647,832,0,0,0,0,false

22664,832,0,0,0,0,false

22681,832,0,0,0,0,false

22703,832,0,0,0,0,false

22722,832,0,0,0,0,false

22740,832,0,0,0,0,false

22758,832,0,0,0,0,false

22777,832,0,0,0,0,false

22797,832,0,0,0,0,false

22813,832,0,0,0,0,false

22833,832,0,0,0,0,false

22851,832,0,0,0,0,false

22869,0,0,0,0,0,false

22888,768,0,0,0,0,false

22909,832,0,0,0,0,false

22930,832,0,0,0,0,false

22947,832,832,0,0,0,false

22968,832,64,0,0,0,false

22988,832,0,0,0,0,false

23009,832,0,0,0,0,false

23028,832,0,0,0,0,false

23049,832,0,0,0,0,false

23067,832,0,0,0,0,false

23087,832,0,0,0,0,false

23104,832,0,0,0,0,false

23122,832,0,0,0,0,false

23142,832,0,0,0,0,false

23160,832,0,0,0,0,false

23177,832,0,0,0,0,false

23196,832,0,0,0,0,false

23215,832,0,0,0,0,false

23231,832,0,0,0,0,false

23249,832,0,0,0,0,false

23269,832,0,0,0,0,false

23286,832,0,0,0,0,false

23305,832,0,0,0,0,false

23321,832,0,0,0,0,false

23338,832,0,0,0,0,false

23354,832,0,0,0,0,false

23371,832,0,0,0,0,false

23387,832,0,0,0,0,false

23403,832,0,0,0,0,false

23419,832,0,0,0,0,false

23434,832,0,0,0,0,false

23453,832,0,0,0,0,false

23471,832,0,0,0,0,false

23488,832,0,0,0,0,false

23506,832,0,0,0,0,false

23525,832,0,0,0,0,false

23546,832,0,0,0,0,false

23565,832,0,0,0,0,false

23585,832,0,0,0,0,false

23602,832,0,0,0,0,false

23618,832,0,0,0,0,false

23632,832,0,0,0,0,false

23646,832,0,0,0,0,false

23662,832,0,0,0,0,false

23679,832,0,0,0,0,false

23693,832,0,0,0,0,false

23711,832,0,0,0,0,false

23728,832,0,0,0,0,false

23742,832,0,0,0,0,false

23760,832,0,0,0,0,false

23774,832,0,0,0,0,false

23789,832,0,0,0,0,false

23805,832,0,0,0,0,false

23820,832,0,0,0,0,false

23874,832,0,0,0,0,false

23890,832,0,0,0,0,false

23907,832,0,0,0,0,false

23923,832,0,0,0,0,false

23940,832,0,0,0,0,false

23957,832,0,0,0,0,false

23977,832,0,0,0,0,false

23994,832,0,0,0,0,false

24012,832,0,0,0,0,false

24029,832,0,0,0,0,false

24049,832,0,0,0,0,false

24068,832,0,0,0,0,false

24089,832,0,0,0,0,false

24109,832,0,0,0,0,false

24129,832,0,0,0,0,false

24145,832,0,0,0,0,false

24164,832,0,0,0,0,false

24182,832,0,0,0,0,false

24200,832,0,0,0,0,false

24219,832,0,0,0,0,false

24240,832,0,0,0,0,false

24262,832,0,0,0,0,false

24282,832,0,0,0,0,false

24302,832,0,0,0,0,false

24319,832,0,0,0,0,false

24339,832,0,0,0,0,false

24358,832,0,0,0,0,false

24377,832,0,0,0,0,false

24396,832,0,0,0,0,false

24412,0,0,0,0,0,false

24430,768,0,0,0,0,false

24447,832,0,0,0,0,false

24467,832,0,0,0,0,false

24487,832,832,0,0,0,false

24504,832,64,0,0,0,false

24521,832,0,0,0,0,false

24540,832,0,0,0,0,false

24562,832,0,0,0,0,false

24583,832,0,0,0,0,false

24603,832,0,0,0,0,false

24625,832,0,0,0,0,false

24643,832,0,0,0,0,false

24662,832,0,0,0,0,false

24682,832,0,0,0,0,false

24700,832,0,0,0,0,false

24721,832,0,0,0,0,false

24737,832,0,0,0,0,false

24754,832,0,0,0,0,false

24770,832,0,0,0,0,false

24788,832,0,0,0,0,false

24806,832,0,0,0,0,false

24829,832,0,0,0,0,false

24850,832,0,0,0,0,false

24869,832,0,0,0,0,false

24885,832,0,0,0,0,false

24907,832,0,0,0,0,false

24929,832,0,0,0,0,false

24946,832,0,0,0,0,false

24967,832,0,0,0,0,false

24988,832,0,0,0,0,false

25004,832,0,0,0,0,false

25023,832,0,0,0,0,false

25041,832,0,0,0,0,false

25059,832,0,0,0,0,false

25077,832,0,0,0,0,false

25098,832,0,0,0,0,false

25120,832,0,0,0,0,false

25139,832,0,0,0,0,false

25157,832,0,0,0,0,false

25177,832,0,0,0,0,false

25196,832,0,0,0,0,false

25220,832,0,0,0,0,false

25242,832,0,0,0,0,false

25262,832,0,0,0,0,false

25280,832,0,0,0,0,false

25297,832,0,0,0,0,false

25317,832,0,0,0,0,false

25336,832,0,0,0,0,false

25356,832,0,0,0,0,false

25373,832,0,0,0,0,false

25391,832,0,0,0,0,false

25408,832,0,0,0,0,false

25428,832,0,0,0,0,false

25449,832,0,0,0,0,false

25469,832,0,0,0,0,false

25489,832,0,0,0,0,false

25509,832,0,0,0,0,false

25530,832,0,0,0,0,false

25549,832,0,0,0,0,false

25568,832,0,0,0,0,false

25591,832,0,0,0,0,false

25609,832,0,0,0,0,false

25631,832,0,0,0,0,false

25654,832,0,0,0,0,false

25677,832,0,0,0,0,false

25697,832,0,0,0,0,false

25717,832,0,0,0,0,false

25740,832,0,0,0,0,false

25758,832,0,0,0,0,false

25778,832,0,0,0,0,false

25797,832,0,0,0,0,false

25817,832,0,0,0,0,false

25837,832,0,0,0,0,false

25855,832,0,0,0,0,false

25873,832,0,0,0,0,false

25890,832,0,0,0,0,false

25909,832,0,0,0,0,false

25925,832,0,0,0,0,false

25945,832,0,0,0,0,false

25963,832,0,0,0,0,false

25979,832,0,0,0,0,false

25997,832,0,0,0,0,false

26016,832,0,0,0,0,false

26036,0,0,0,0,0,false

26053,768,0,0,0,0,false

26073,832,0,0,0,0,false

26092,832,0,0,0,0,false

26109,832,832,0,0,0,false

26128,832,64,0,0,0,false

26146,832,0,0,0,0,false

26161,832,0,0,0,0,false

26181,832,0,0,0,0,false

26199,832,0,0,0,0,false

26219,832,0,0,0,0,false

26242,832,0,0,0,0,false

26262,832,0,0,0,0,false

26278,832,0,0,0,0,false

26300,832,0,0,0,0,false

26318,832,0,0,0,0,false

26342,832,0,0,0,0,false

26365,832,0,0,0,0,false

26382,832,0,0,0,0,false

26402,832,0,0,0,0,false

26419,832,0,0,0,0,false

26438,832,0,0,0,0,false

26458,832,0,0,0,0,false

26480,832,0,0,0,0,false

26497,832,0,0,0,0,false

26514,832,0,0,0,0,false

26535,832,0,0,0,0,false

26551,832,0,0,0,0,false

26571,832,0,0,0,0,false

26591,832,0,0,0,0,false

26610,832,0,0,0,0,false

26626,832,0,0,0,0,false

26645,832,0,0,0,0,false

26663,832,0,0,0,0,false

26682,832,0,0,0,0,false

26700,832,0,0,0,0,false

26719,832,0,0,0,0,false

26738,832,0,0,0,0,false

26758,832,0,0,0,0,false

26780,832,0,0,0,0,false

26802,832,0,0,0,0,false

26822,832,0,0,0,0,false

26843,832,0,0,0,0,false

26860,832,0,0,0,0,false

26880,832,0,0,0,0,false

26898,832,0,0,0,0,false

26916,832,0,0,0,0,false

26935,832,0,0,0,0,false

26953,832,0,0,0,0,false

26972,832,0,0,0,0,false

26992,832,0,0,0,0,false

27011,832,0,0,0,0,false

27031,832,0,0,0,0,false

27049,832,0,0,0,0,false

27068,832,0,0,0,0,false

27086,832,0,0,0,0,false

27103,832,0,0,0,0,false

27121,832,0,0,0,0,false

27139,832,0,0,0,0,false

27157,832,0,0,0,0,false

27177,832,0,0,0,0,false

27196,832,0,0,0,0,false

27218,832,0,0,0,0,false

27239,832,0,0,0,0,false

27259,832,0,0,0,0,false

27278,832,0,0,0,0,false

27299,832,0,0,0,0,false

27322,832,0,0,0,0,false

27345,832,0,0,0,0,false

27367,832,0,0,0,0,false

27387,832,0,0,0,0,false

27405,832,0,0,0,0,false

27427,832,0,0,0,0,false

27446,832,0,0,0,0,false

27467,832,0,0,0,0,false

27486,832,0,0,0,0,false

27511,832,0,0,0,0,false

27532,832,0,0,0,0,false

27553,832,0,0,0,0,false

27573,832,0,0,0,0,false

27598,832,0,0,0,0,false

27617,832,0,0,0,0,false

27636,832,0,0,0,0,false

27656,832,0,0,0,0,false

27675,0,0,0,0,0,false

27692,256,0,0,0,0,false

27712,486,0,0,0,0,false

27729,486,0,0,0,0,false

27746,486,486,0,0,0,false

27765,486,230,0,0,0,false

27783,486,20,0,0,0,false

27801,486,20,0,0,0,false

27822,486,20,0,0,0,false

27841,486,20,0,0,0,false

27861,486,20,0,0,0,false

27879,486,20,0,0,0,false

27898,486,20,0,0,0,false

27920,486,20,0,0,0,false

27940,486,20,0,0,0,false

27958,486,20,0,0,0,false

27980,486,20,0,0,0,false

27999,486,20,0,0,0,false

28015,486,20,0,0,0,false

28031,486,20,0,0,0,false

28047,486,20,0,0,0,false

28063,486,20,0,0,0,false

28080,486,20,0,0,0,false

28096,486,20,0,0,0,false

28114,486,20,0,0,0,false

28131,486,20,0,0,0,false

28149,486,20,0,0,0,false

28169,486,20,0,0,0,false

28185,486,20,0,0,0,false

28202,486,20,0,0,0,false

28222,486,20,0,0,0,false

28241,486,20,0,0,0,false

28262,486,20,0,0,0,false

28283,486,20,0,0,0,false

28303,486,20,0,0,0,false

28326,486,20,0,0,0,false

28349,486,20,0,0,0,false

28371,486,20,0,0,0,false

28390,486,20,0,0,0,false

28408,486,20,0,0,0,false

28427,486,20,0,0,0,false

28449,486,20,0,0,0,false

28476,486,20,0,0,0,false

28503,486,20,0,0,0,false

28523,486,20,0,0,0,false

28544,486,20,0,0,0,false

28566,486,20,0,0,0,false

28588,486,20,0,0,0,false

28606,486,20,0,0,0,false

28627,486,20,0,0,0,false

28653,486,20,0,0,0,false

28673,486,20,0,0,0,false

28691,486,20,0,0,0,false

28712,486,20,0,0,0,false

28730,486,20,0,0,0,false

28751,486,20,0,0,0,false

28771,486,20,0,0,0,false

28792,486,20,0,0,0,false

28812,486,20,0,0,0,false

28835,486,20,0,0,0,false

28855,486,20,0,0,0,false

28876,486,20,0,0,0,false

28901,486,20,0,0,0,false

28922,486,20,0,0,0,false

28940,486,20,0,0,0,false

28960,486,20,0,0,0,false

28982,486,20,0,0,0,false

29004,486,20,0,0,0,false

29028,486,20,0,0,0,false

29054,486,20,0,0,0,false

29080,486,20,0,0,0,false

29101,486,20,0,0,0,false

29121,486,20,0,0,0,false

29140,486,20,0,0,0,false

29166,486,20,0,0,0,false

29188,486,20,0,0,0,false

29209,486,20,0,0,0,false

29229,486,20,0,0,0,false

29246,486,20,0,0,0,false

29264,486,20,0,0,0,false

29282,486,20,0,0,0,false

29300,486,20,0,0,0,false

29320,486,20,0,0,0,false

29340,486,20,0,0,0,false

29358,0,20,0,0,0,false

29375,256,20,0,0,0,false

29392,486,20,0,0,0,false

29411,486,20,0,0,0,false

29430,486,486,0,0,0,false

29446,486,230,0,0,0,false

29466,486,20,0,0,0,false

29486,486,20,0,0,0,false

29505,486,20,0,0,0,false

29523,486,20,0,0,0,false

29546,486,20,0,0,0,false

29568,486,20,0,0,0,false

29584,486,20,0,0,0,false

29600,486,20,0,0,0,false

29623,486,20,0,0,0,false

29646,486,20,0,0,0,false

29665,486,20,0,0,0,false

29683,486,20,0,0,0,false

29700,486,20,0,0,0,false

29719,486,20,0,0,0,false

29739,486,20,0,0,0,false

29757,486,20,0,0,0,false

29776,486,20,0,0,0,false

29794,486,20,0,0,0,false

29813,486,20,0,0,0,false

29831,486,20,0,0,0,false

29850,486,20,0,0,0,false

29869,486,20,0,0,0,false

29886,486,20,0,0,0,false

29905,486,20,0,0,0,false

29922,486,20,0,0,0,false

29941,486,20,0,0,0,false

29958,486,20,0,0,0,false

29976,486,20,0,0,0,false

29998,486,20,0,0,0,false

30015,486,20,0,0,0,false

30036,486,20,0,0,0,false

30053,486,20,0,0,0,false

30074,486,20,0,0,0,false

30097,486,20,0,0,0,false

30115,486,20,0,0,0,false

30133,486,20,0,0,0,false

30154,486,20,0,0,0,false

30174,486,20,0,0,0,false

30192,486,20,0,0,0,false

30213,486,20,0,0,0,false

30230,486,20,0,0,0,false

30248,486,20,0,0,0,false

30269,486,20,0,0,0,false

30288,486,20,0,0,0,false

30306,486,20,0,0,0,false

30326,486,20,0,0,0,false

30347,486,20,0,0,0,false

30364,486,20,0,0,0,false

30381,486,20,0,0,0,false

30398,486,20,0,0,0,false

30414,486,20,0,0,0,false

30434,486,20,0,0,0,false

30453,486,20,0,0,0,false

30471,486,20,0,0,0,false

30493,486,20,0,0,0,false

30510,486,20,0,0,0,false

30534,486,20,0,0,0,false

30552,486,20,0,0,0,false

30571,486,20,0,0,0,false

30588,486,20,0,0,0,false

30606,486,20,0,0,0,false

30624,486,20,0,0,0,false

30647,486,20,0,0,0,false

30667,486,20,0,0,0,false

30684,486,20,0,0,0,false

30706,486,20,0,0,0,false

30726,486,20,0,0,0,false

30746,486,20,0,0,0,false

30766,486,20,0,0,0,false

30786,486,20,0,0,0,false

30805,486,20,0,0,0,false

30824,486,20,0,0,0,false

30843,486,20,0,0,0,false

30860,486,20,0,0,0,false

30882,486,20,0,0,0,false

30901,486,20,0,0,0,false

30918,486,20,0,0,0,false

30939,486,20,0,0,0,false

30958,0,20,0,0,0,false

30977,256,20,0,0,0,false

30996,486,20,0,0,0,false

31016,486,20,0,0,0,false

31034,486,486,0,0,0,false

31059,486,230,0,0,0,false

31080,486,20,0,0,0,false

31103,486,20,0,0,0,false

31123,486,20,0,0,0,false

31141,486,20,0,0,0,false

31163,486,20,0,0,0,false

31181,486,20,0,0,0,false

31204,486,20,0,0,0,false

31226,486,20,0,0,0,false

31246,486,20,0,0,0,false

31271,486,20,0,0,0,false

31292,486,20,0,0,0,false

31312,486,20,0,0,0,false

31334,486,20,0,0,0,false

31354,486,20,0,0,0,false

31374,486,20,0,0,0,false

31393,486,20,0,0,0,false

31416,486,20,0,0,0,false

31436,486,20,0,0,0,false

31454,486,20,0,0,0,false

31474,486,20,0,0,0,false

31500,486,20,0,0,0,false

31523,486,20,0,0,0,false

31548,486,20,0,0,0,false

31571,486,20,0,0,0,false

31594,486,20,0,0,0,false

31617,486,20,0,0,0,false

31638,486,20,0,0,0,false

31662,486,20,0,0,0,false

31690,486,20,0,0,0,false

31713,486,20,0,0,0,false

31738,486,20,0,0,0,false

31763,486,20,0,0,0,false

31788,486,20,0,0,0,false

31810,486,20,0,0,0,false

31839,486,20,0,0,0,false

31864,486,20,0,0,0,false

31890,486,20,0,0,0,false

31912,486,20,0,0,0,false

31939,486,20,0,0,0,false

31966,486,20,0,0,0,false

31991,486,20,0,0,0,false

32014,486,20,0,0,0,false

32039,486,20,0,0,0,false

32062,486,20,0,0,0,false

32088,486,20,0,0,0,false

32108,486,20,0,0,0,false

32129,486,20,0,0,0,false

32150,486,20,0,0,0,false

32173,486,20,0,0,0,false

32194,486,20,0,0,0,false

32217,486,20,0,0,0,false

32237,486,20,0,0,0,false

32257,486,20,0,0,0,false

32280,486,20,0,0,0,false

32303,486,20,0,0,0,false

32328,486,20,0,0,0,false

32348,486,20,0,0,0,false

32370,486,20,0,0,0,false

32394,486,20,0,0,0,false

32414,486,20,0,0,0,false

32433,486,20,0,0,0,false

32453,486,20,0,0,0,false

32477,486,20,0,0,0,false

32500,486,20,0,0,0,false

32522,486,20,0,0,0,false

32542,486,20,0,0,0,false

32562,486,20,0,0,0,false

32582,486,20,0,0,0,false

32601,486,20,0,0,0,false

32623,486,20,0,0,0,false

32642,486,20,0,0,0,false

32664,486,20,0,0,0,false

32685,486,20,0,0,0,false

32708,486,20,0,0,0,false

32734,486,20,0,0,0,false

32759,486,20,0,0,0,false

32785,486,20,0,0,0,false

32812,486,20,0,0,0,false

32838,0,20,0,0,0,false

32863,256,20,0,0,0,false

32886,486,20,0,0,0,false

32910,486,20,0,0,0,false

32934,486,486,0,0,0,false

32955,486,230,0,0,0,false

32978,486,20,0,0,0,false

33004,486,20,0,0,0,false

33028,486,20,0,0,0,false

33048,486,20,0,0,0,false

33072,486,20,0,0,0,false

33096,486,20,0,0,0,false

33118,486,20,0,0,0,false

33141,486,20,0,0,0,false

33162,486,20,0,0,0,false

33183,486,20,0,0,0,false

33204,486,20,0,0,0,false

33227,486,20,0,0,0,false

33248,486,20,0,0,0,false

33270,486,20,0,0,0,false

33289,486,20,0,0,0,false

33311,486,20,0,0,0,false

33336,486,20,0,0,0,false

33356,486,20,0,0,0,false

33379,486,20,0,0,0,false

33402,486,20,0,0,0,false

33423,486,20,0,0,0,false

33444,486,20,0,0,0,false

33467,486,20,0,0,0,false

33490,486,20,0,0,0,false

33514,486,20,0,0,0,false

33540,486,20,0,0,0,false

33569,486,20,0,0,0,false

33592,486,20,0,0,0,false

33616,486,20,0,0,0,false

33640,486,20,0,0,0,false

33664,486,20,0,0,0,false

33689,486,20,0,0,0,false

33719,486,20,0,0,0,false

33752,486,20,0,0,0,false

33782,486,20,0,0,0,false

33813,486,20,0,0,0,false

33844,486,20,0,0,0,false

33877,486,20,0,0,0,false

33902,486,20,0,0,0,false

33928,486,20,0,0,0,false

33953,486,20,0,0,0,false

33980,486,20,0,0,0,false

34005,486,20,0,0,0,false

34029,486,20,0,0,0,false

34053,486,20,0,0,0,false

34077,486,20,0,0,0,false

34102,486,20,0,0,0,false

34126,486,20,0,0,0,false

34162,486,20,0,0,0,false

34192,486,20,0,0,0,false

34215,486,20,0,0,0,false

34240,486,20,0,0,0,false

34264,486,20,0,0,0,false

34287,486,20,0,0,0,false

34311,486,20,0,0,0,false

34336,486,20,0,0,0,false

34360,486,20,0,0,0,false

34385,486,20,0,0,0,false

34409,486,20,0,0,0,false

34433,486,20,0,0,0,false

34458,486,20,0,0,0,false

34481,486,20,0,0,0,false

34504,486,20,0,0,0,false

34526,486,20,0,0,0,false

34548,486,20,0,0,0,false

34571,486,20,0,0,0,false

34591,486,20,0,0,0,false

34607,486,20,0,0,0,false

34623,486,20,0,0,0,false

34638,486,20,0,0,0,false

34654,486,20,0,0,0,false

34669,486,20,0,0,0,false

34685,486,20,0,0,0,false

34701,486,20,0,0,0,false

34716,486,20,0,0,0,false

34732,486,20,0,0,0,false

34747,486,20,0,0,0,false

34761,486,20,0,0,0,false

34775,0,20,0,0,0,false

34789,256,20,0,0,0,false

34803,486,20,0,0,0,false

34815,486,20,0,0,0,false

34829,486,486,0,0,0,false

34844,486,230,0,0,0,false

34858,486,20,0,0,0,false

34870,486,20,0,0,0,false

34886,486,20,0,0,0,false

34901,486,20,0,0,0,false

34916,486,20,0,0,0,false

34930,486,20,0,0,0,false

34946,486,20,0,0,0,false

34962,486,20,0,0,0,false

34977,486,20,0,0,0,false

34991,486,20,0,0,0,false

35005,486,20,0,0,0,false

35019,486,20,0,0,0,false

35033,486,20,0,0,0,false

35047,486,20,0,0,0,false

35061,486,20,0,0,0,false

35075,486,20,0,0,0,false

35088,486,20,0,0,0,false

35103,486,20,0,0,0,false

35119,486,20,0,0,0,false

35135,486,20,0,0,0,false

35151,486,20,0,0,0,false

35166,486,20,0,0,0,false

35181,486,20,0,0,0,false

35196,486,20,0,0,0,false

35212,486,20,0,0,0,false

35226,486,20,0,0,0,false

35240,486,20,0,0,0,false

35254,486,20,0,0,0,false

35268,486,20,0,0,0,false

35282,486,20,0,0,0,false

35298,486,20,0,0,0,false

35313,486,20,0,0,0,false

35328,486,20,0,0,0,false

35342,486,20,0,0,0,false

35357,486,20,0,0,0,false

35370,486,20,0,0,0,false

35383,486,20,0,0,0,false

35397,486,20,0,0,0,false

35410,486,20,0,0,0,false

35425,486,20,0,0,0,false

35439,486,20,0,0,0,false

35453,486,20,0,0,0,false

35468,486,20,0,0,0,false

35482,486,20,0,0,0,false

35496,486,20,0,0,0,false

35511,486,20,0,0,0,false

35525,486,20,0,0,0,false

35541,486,20,0,0,0,false

35556,486,20,0,0,0,false

35569,486,20,0,0,0,false

35584,486,20,0,0,0,false

35597,486,20,0,0,0,false

35612,486,20,0,0,0,false

35625,486,20,0,0,0,false

35640,486,20,0,0,0,false

35655,486,20,0,0,0,false

35671,486,20,0,0,0,false

35687,486,20,0,0,0,false

35703,486,20,0,0,0,false

35719,486,20,0,0,0,false

35735,486,20,0,0,0,false

35752,486,20,0,0,0,false

35768,486,20,0,0,0,false

35784,486,20,0,0,0,false

35801,486,20,0,0,0,false

35814,486,20,0,0,0,false

35829,486,20,0,0,0,false

35844,486,20,0,0,0,false

35861,486,20,0,0,0,false

35877,486,20,0,0,0,false

35895,486,20,0,0,0,false

35909,486,20,0,0,0,false

35924,486,20,0,0,0,false

35939,486,20,0,0,0,false

35955,486,20,0,0,0,false

35971,486,20,0,0,0,false

35985,486,20,0,0,0,false

35999,486,20,0,0,0,false

36014,0,20,0,0,0,false

36027,256,20,0,0,0,false

36041,486,20,0,0,0,false

36056,486,20,0,0,0,false

36070,486,486,0,0,0,false

36089,486,230,0,0,0,false

36103,486,20,0,0,0,false

36118,486,20,0,0,0,false

36132,486,20,0,0,0,false

36145,486,20,0,0,0,false

36160,486,20,0,0,0,false

36174,486,20,0,0,0,false

36189,486,20,0,0,0,false

36205,486,20,0,0,0,false

36222,486,20,0,0,0,false

36239,486,20,0,0,0,false

36255,486,20,0,0,0,false

36271,486,20,0,0,0,false

36287,486,20,0,0,0,false

36301,486,20,0,0,0,false

36317,486,20,0,0,0,false

36332,486,20,0,0,0,false

36347,486,20,0,0,0,false

36363,486,20,0,0,0,false

36378,486,20,0,0,0,false

36393,486,20,0,0,0,false

36407,486,20,0,0,0,false

36422,486,20,0,0,0,false

36436,486,20,0,0,0,false

36451,486,20,0,0,0,false

36467,486,20,0,0,0,false

36480,486,20,0,0,0,false

36495,486,20,0,0,0,false

36509,486,20,0,0,0,false

36524,486,20,0,0,0,false

36539,486,20,0,0,0,false

36552,486,20,0,0,0,false

36567,486,20,0,0,0,false

36582,486,20,0,0,0,false

36597,486,20,0,0,0,false

36610,486,20,0,0,0,false

36626,486,20,0,0,0,false

36640,486,20,0,0,0,false

36658,486,20,0,0,0,false

36674,486,20,0,0,0,false

36687,486,20,0,0,0,false

36702,486,20,0,0,0,false

36720,486,20,0,0,0,false

36738,486,20,0,0,0,false

36754,486,20,0,0,0,false

36771,486,20,0,0,0,false

36791,486,20,0,0,0,false

36808,486,20,0,0,0,false

36827,486,20,0,0,0,false

36840,486,20,0,0,0,false

36855,486,20,0,0,0,false

36870,486,20,0,0,0,false

36886,486,20,0,0,0,false

36898,486,20,0,0,0,false

36914,486,20,0,0,0,false

36930,486,20,0,0,0,false

36945,486,20,0,0,0,false

36961,486,20,0,0,0,false

36977,486,20,0,0,0,false

36992,486,20,0,0,0,false

37009,486,20,0,0,0,false

37025,486,20,0,0,0,false

37040,486,20,0,0,0,false

37053,486,20,0,0,0,false

37067,486,20,0,0,0,false

37081,486,20,0,0,0,false

37095,486,20,0,0,0,false

37108,486,20,0,0,0,false

37123,486,20,0,0,0,false

37136,486,20,0,0,0,false

37150,486,20,0,0,0,false

37163,486,20,0,0,0,false

37179,486,20,0,0,0,false

37193,486,20,0,0,0,false

37208,486,20,0,0,0,false

37222,486,20,0,0,0,false

37235,486,20,0,0,0,false

37249,486,20,0,0,0,false

37266,486,20,0,0,0,false

37283,0,20,0,0,0,false

37298,256,20,0,0,0,false

37314,486,20,0,0,0,false

37331,486,20,0,0,0,false

37350,486,486,0,0,0,false

37368,486,230,0,0,0,false

37386,486,20,0,0,0,false

37402,486,20,0,0,0,false

37421,486,20,0,0,0,false

37439,486,20,0,0,0,false

37455,486,20,0,0,0,false

37471,486,20,0,0,0,false

37488,486,20,0,0,0,false

37505,486,20,0,0,0,false

37520,486,20,0,0,0,false

37533,486,20,0,0,0,false

37546,486,20,0,0,0,false

37561,486,20,0,0,0,false

37575,486,20,0,0,0,false

37588,486,20,0,0,0,false

37600,486,20,0,0,0,false

37613,486,20,0,0,0,false

37625,486,20,0,0,0,false

37638,486,20,0,0,0,false

37653,486,20,0,0,0,false

37668,486,20,0,0,0,false

37679,486,20,0,0,0,false

37693,486,20,0,0,0,false

37705,486,20,0,0,0,false

37721,486,20,0,0,0,false

37733,486,20,0,0,0,false

37748,486,20,0,0,0,false

37762,486,20,0,0,0,false

37774,486,20,0,0,0,false

37787,486,20,0,0,0,false

37802,486,20,0,0,0,false

37815,486,20,0,0,0,false

37828,486,20,0,0,0,false

37840,486,20,0,0,0,false

37852,486,20,0,0,0,false

37863,486,20,0,0,0,false

37875,486,20,0,0,0,false

37890,486,20,0,0,0,false

37906,486,20,0,0,0,false

37920,486,20,0,0,0,false

37934,486,20,0,0,0,false

37945,486,20,0,0,0,false

37961,486,20,0,0,0,false

37975,486,20,0,0,0,false

37992,486,20,0,0,0,false

38008,486,20,0,0,0,false

38023,486,20,0,0,0,false

38040,486,20,0,0,0,false

38055,486,20,0,0,0,false

38071,486,20,0,0,0,false

38087,486,20,0,0,0,false

38103,486,20,0,0,0,false

38120,486,20,0,0,0,false

38136,486,20,0,0,0,false

38152,486,20,0,0,0,false

38169,486,20,0,0,0,false

38182,486,20,0,0,0,false

38196,486,20,0,0,0,false

38212,486,20,0,0,0,false

38229,486,20,0,0,0,false

38245,486,20,0,0,0,false

38262,486,20,0,0,0,false

38278,486,20,0,0,0,false

38293,486,20,0,0,0,false

38309,486,20,0,0,0,false

38325,486,20,0,0,0,false

38340,486,20,0,0,0,false

38355,486,20,0,0,0,false

38372,486,20,0,0,0,false

38387,486,20,0,0,0,false

38401,486,20,0,0,0,false

38417,486,20,0,0,0,false

38432,486,20,0,0,0,false

38449,486,20,0,0,0,false

38465,486,20,0,0,0,false

38481,486,20,0,0,0,false

38493,486,20,0,0,0,false

38505,486,20,0,0,0,false

38517,486,20,0,0,0,false

38530,0,20,0,0,0,false

38544,256,20,0,0,0,false

38556,486,20,0,0,0,false

38573,486,20,0,0,0,false

38588,486,486,0,0,0,false

38602,486,230,0,0,0,false

38614,486,20,0,0,0,false

38626,486,20,0,0,0,false

38640,486,20,0,0,0,false

38654,486,20,0,0,0,false

38669,486,20,0,0,0,false

38682,486,20,0,0,0,false

38695,486,20,0,0,0,false

38711,486,20,0,0,0,false

38725,486,20,0,0,0,false

38739,486,20,0,0,0,false

38753,486,20,0,0,0,false

38772,486,20,0,0,0,false

38789,486,20,0,0,0,false

38807,486,20,0,0,0,false

38824,486,20,0,0,0,false

38848,486,20,0,0,0,false

38872,486,20,0,0,0,false

38889,486,20,0,0,0,false

38908,486,20,0,0,0,false

38927,486,20,0,0,0,false

38951,486,20,0,0,0,false

38970,486,20,0,0,0,false

38992,486,20,0,0,0,false

39018,486,20,0,0,0,false

39037,486,20,0,0,0,false

39064,486,20,0,0,0,false

39089,486,20,0,0,0,false

39122,486,20,0,0,0,false

39148,486,20,0,0,0,false

39181,486,20,0,0,0,false

39207,486,20,0,0,0,false

39232,486,20,0,0,0,false

39261,486,20,0,0,0,false

39287,486,20,0,0,0,false

39304,486,20,0,0,0,false

39317,486,20,0,0,0,false

39331,486,20,0,0,0,false

39345,486,20,0,0,0,false

39360,486,20,0,0,0,false

39373,486,20,0,0,0,false

39388,486,20,0,0,0,false

39402,486,20,0,0,0,false

39419,486,20,0,0,0,false

39432,486,20,0,0,0,false

39445,486,20,0,0,0,false

39462,486,20,0,0,0,false

39476,486,20,0,0,0,false

39491,486,20,0,0,0,false

39505,486,20,0,0,0,false

39521,486,20,0,0,0,false

39536,486,20,0,0,0,false

39549,486,20,0,0,0,false

39565,486,20,0,0,0,false

39581,486,20,0,0,0,false

39598,486,20,0,0,0,false

39615,486,20,0,0,0,false

39629,486,20,0,0,0,false

39645,486,20,0,0,0,false

39661,486,20,0,0,0,false

39676,486,20,0,0,0,false

39691,486,20,0,0,0,false

39709,486,20,0,0,0,false

39727,486,20,0,0,0,false

39743,486,20,0,0,0,false

39759,486,20,0,0,0,false

39773,486,20,0,0,0,false

39789,486,20,0,0,0,false

39805,486,20,0,0,0,false

39822,486,20,0,0,0,false

39838,486,20,0,0,0,false

39855,486,20,0,0,0,false

39871,486,20,0,0,0,false

39886,486,20,0,0,0,false

39903,486,20,0,0,0,false

39919,486,20,0,0,0,false

39935,486,20,0,0,0,false

39953,486,20,0,0,0,false

39970,486,20,0,0,0,false

39985,0,20,0,0,0,false

40001,256,20,0,0,0,false

40018,486,20,0,0,0,false

40035,486,20,0,0,0,false

40052,486,486,0,0,0,false

40070,486,230,0,0,0,false

40087,486,20,0,0,0,false

40105,486,20,0,0,0,false

40122,486,20,0,0,0,false

40141,486,20,0,0,0,false

40159,486,20,0,0,0,false

40175,486,20,0,0,0,false

40190,486,20,0,0,0,false

40206,486,20,0,0,0,false

40223,486,20,0,0,0,false

40241,486,20,0,0,0,false

40257,486,20,0,0,0,false

40274,486,20,0,0,0,false

40291,486,20,0,0,0,false

40305,486,20,0,0,0,false

40321,486,20,0,0,0,false

40337,486,20,0,0,0,false

40353,486,20,0,0,0,false

40370,486,20,0,0,0,false

40386,486,20,0,0,0,false

40401,486,20,0,0,0,false

40416,486,20,0,0,0,false

40432,486,20,0,0,0,false

40449,486,20,0,0,0,false

40465,486,20,0,0,0,false

40481,486,20,0,0,0,false

40498,486,20,0,0,0,false

40513,486,20,0,0,0,false

40529,486,20,0,0,0,false

40545,486,20,0,0,0,false

40561,486,20,0,0,0,false

40579,486,20,0,0,0,false

40599,486,20,0,0,0,false

40620,486,20,0,0,0,false

40640,486,20,0,0,0,false

40659,486,20,0,0,0,false

40676,486,20,0,0,0,false

40696,486,20,0,0,0,false

40713,486,20,0,0,0,false

40730,486,20,0,0,0,false

40747,486,20,0,0,0,false

40761,486,20,0,0,0,false

40778,486,20,0,0,0,false

40792,486,20,0,0,0,false

40805,486,20,0,0,0,false

40821,486,20,0,0,0,false

40835,486,20,0,0,0,false

40851,486,20,0,0,0,false

40866,486,20,0,0,0,false

40880,486,20,0,0,0,false

40894,486,20,0,0,0,false

40908,486,20,0,0,0,false

40921,486,20,0,0,0,false

40938,486,20,0,0,0,false

40954,486,20,0,0,0,false

40972,486,20,0,0,0,false

40992,486,20,0,0,0,false

41011,486,20,0,0,0,false

41028,486,20,0,0,0,false

41043,486,20,0,0,0,false

41060,486,20,0,0,0,false

41078,486,20,0,0,0,false

41094,486,20,0,0,0,false

41113,486,20,0,0,0,false

41129,486,20,0,0,0,false

41149,486,20,0,0,0,false

41165,486,20,0,0,0,false

41183,486,20,0,0,0,false

41201,486,20,0,0,0,false

41219,486,20,0,0,0,false

41236,486,20,0,0,0,false

41253,486,20,0,0,0,false

41271,486,20,0,0,0,false

41291,486,20,0,0,0,false

41306,486,20,0,0,0,false

41324,486,20,0,0,0,false

41343,486,20,0,0,0,false

41362,486,20,0,0,0,false

41377,486,20,0,0,0,false

41392,0,20,0,0,0,false

41408,256,20,0,0,0,false

41424,486,20,0,0,0,false

41439,486,20,0,0,0,false

41456,486,486,0,0,0,false

41474,486,230,0,0,0,false

41492,486,20,0,0,0,false

41509,486,20,0,0,0,false

41524,486,20,0,0,0,false

41539,486,20,0,0,0,false

41556,486,20,0,0,0,false

41572,486,20,0,0,0,false

41589,486,20,0,0,0,false

41608,486,20,0,0,0,false

41626,486,20,0,0,0,false

41643,486,20,0,0,0,false

41660,486,20,0,0,0,false

41680,486,20,0,0,0,false

41700,486,20,0,0,0,false

41717,486,20,0,0,0,false

41732,486,20,0,0,0,false

41749,486,20,0,0,0,false

41765,486,20,0,0,0,false

41782,486,20,0,0,0,false

41798,486,20,0,0,0,false

41815,486,20,0,0,0,false

41831,486,20,0,0,0,false

41848,486,20,0,0,0,false

41865,486,20,0,0,0,false

41881,486,20,0,0,0,false

41897,486,20,0,0,0,false

41913,486,20,0,0,0,false

41931,486,20,0,0,0,false

41948,486,20,0,0,0,false

41964,486,20,0,0,0,false

41981,486,20,0,0,0,false

41997,486,20,0,0,0,false

42013,486,20,0,0,0,false

42027,486,20,0,0,0,false

42044,486,20,0,0,0,false

42059,486,20,0,0,0,false

42077,486,20,0,0,0,false

42093,486,20,0,0,0,false

42111,486,20,0,0,0,false

42126,486,20,0,0,0,false

42143,486,20,0,0,0,false

42158,486,20,0,0,0,false

42173,486,20,0,0,0,false

42191,486,20,0,0,0,false

42212,486,20,0,0,0,false

42231,486,20,0,0,0,false

42249,486,20,0,0,0,false

42266,486,20,0,0,0,false

42283,486,20,0,0,0,false

42300,486,20,0,0,0,false

42320,486,20,0,0,0,false

42336,486,20,0,0,0,false

42354,486,20,0,0,0,false

42371,486,20,0,0,0,false

42386,486,20,0,0,0,false

42402,486,20,0,0,0,false

42417,486,20,0,0,0,false

42433,486,20,0,0,0,false

42449,486,20,0,0,0,false

42469,486,20,0,0,0,false

42486,486,20,0,0,0,false

42501,486,20,0,0,0,false

42517,486,20,0,0,0,false

42535,486,20,0,0,0,false

42551,486,20,0,0,0,false

42567,486,20,0,0,0,false

42583,486,20,0,0,0,false

42599,486,20,0,0,0,false

42617,486,20,0,0,0,false

42633,486,20,0,0,0,false

42647,486,20,0,0,0,false

42660,486,20,0,0,0,false

42673,486,20,0,0,0,false

42687,486,20,0,0,0,false

42703,486,20,0,0,0,false

42717,486,20,0,0,0,false

42732,486,20,0,0,0,false

42749,486,20,0,0,0,false

42765,486,20,0,0,0,false

42781,0,20,0,0,0,false

42796,256,20,0,0,0,false

42812,486,20,0,0,0,false

42827,486,20,0,0,0,false

42842,486,486,0,0,0,false

42862,486,230,0,0,0,false

42879,486,20,0,0,0,false

42904,486,20,0,0,0,false

42928,486,20,0,0,0,false

42952,486,20,0,0,0,false

42978,486,20,0,0,0,false

43003,486,20,0,0,0,false

43028,486,20,0,0,0,false

43052,486,20,0,0,0,false

43075,486,20,0,0,0,false

43099,486,20,0,0,0,false

43125,486,20,0,0,0,false

43149,486,20,0,0,0,false

43173,486,20,0,0,0,false

43197,486,20,0,0,0,false

43221,486,20,0,0,0,false

43246,486,20,0,0,0,false

43268,486,20,0,0,0,false

43293,486,20,0,0,0,false

43319,486,20,0,0,0,false

43346,486,20,0,0,0,false

43371,486,20,0,0,0,false

43395,486,20,0,0,0,false

43420,486,20,0,0,0,false

43445,486,20,0,0,0,false

43468,486,20,0,0,0,false

43493,486,20,0,0,0,false

43515,486,20,0,0,0,false

43531,486,20,0,0,0,false

43550,486,20,0,0,0,false

43569,486,20,0,0,0,false

43588,486,20,0,0,0,false

43608,486,20,0,0,0,false

43625,486,20,0,0,0,false

43643,486,20,0,0,0,false

43661,486,20,0,0,0,false

43678,486,20,0,0,0,false

43704,486,20,0,0,0,false

43727,486,20,0,0,0,false

43745,486,20,0,0,0,false

43765,486,20,0,0,0,false

43786,486,20,0,0,0,false

43803,486,20,0,0,0,false

43820,486,20,0,0,0,false

43841,486,20,0,0,0,false

43862,486,20,0,0,0,false

43882,486,20,0,0,0,false

43900,486,20,0,0,0,false

43920,486,20,0,0,0,false

43938,486,20,0,0,0,false

43955,486,20,0,0,0,false

43971,486,20,0,0,0,false

43988,486,20,0,0,0,false

44004,486,20,0,0,0,false

44021,486,20,0,0,0,false

44037,486,20,0,0,0,false

44054,486,20,0,0,0,false

44071,486,20,0,0,0,false

44089,486,20,0,0,0,false

44106,486,20,0,0,0,false

44123,486,20,0,0,0,false

44140,486,20,0,0,0,false

44158,486,20,0,0,0,false

44173,486,20,0,0,0,false

44191,486,20,0,0,0,false

44209,486,20,0,0,0,false

44227,486,20,0,0,0,false

44245,486,20,0,0,0,false

44265,486,20,0,0,0,false

44283,486,20,0,0,0,false

44301,486,20,0,0,0,false

44318,486,20,0,0,0,false

44336,486,20,0,0,0,false

44356,486,20,0,0,0,false

44376,486,20,0,0,0,false

44396,486,20,0,0,0,false

44414,486,20,0,0,0,false

44433,486,20,0,0,0,false

44454,486,20,0,0,0,false

44474,0,20,0,0,0,false

44494,256,20,0,0,0,false

44513,486,20,0,0,0,false

44531,486,20,0,0,0,false

44551,486,486,0,0,0,false

44569,486,230,0,0,0,false

44587,486,20,0,0,0,false

44605,486,20,0,0,0,false

44624,486,20,0,0,0,false

44644,486,20,0,0,0,false

44662,486,20,0,0,0,false

44680,486,20,0,0,0,false

44698,486,20,0,0,0,false

44716,486,20,0,0,0,false

44732,486,20,0,0,0,false

44750,486,20,0,0,0,false

44767,486,20,0,0,0,false

44785,486,20,0,0,0,false

44801,486,20,0,0,0,false

44817,486,20,0,0,0,false

44835,486,20,0,0,0,false

44852,486,20,0,0,0,false

44870,486,20,0,0,0,false

44886,486,20,0,0,0,false

44904,486,20,0,0,0,false

44923,486,20,0,0,0,false

44942,486,20,0,0,0,false

44961,486,20,0,0,0,false

44979,486,20,0,0,0,false

44998,486,20,0,0,0,false

45015,486,20,0,0,0,false

45032,486,20,0,0,0,false

45051,486,20,0,0,0,false

45069,486,20,0,0,0,false

45087,486,20,0,0,0,false

45104,486,20,0,0,0,false

45122,486,20,0,0,0,false

45139,486,20,0,0,0,false

45157,486,20,0,0,0,false

45173,486,20,0,0,0,false

45192,486,20,0,0,0,false

45209,486,20,0,0,0,false

45227,486,20,0,0,0,false

45244,486,20,0,0,0,false

45261,486,20,0,0,0,false

45279,486,20,0,0,0,false

45296,486,20,0,0,0,false

45314,486,20,0,0,0,false

45334,486,20,0,0,0,false

45352,486,20,0,0,0,false

45369,486,20,0,0,0,false

45388,486,20,0,0,0,false

45405,486,20,0,0,0,false

45423,486,20,0,0,0,false

45442,486,20,0,0,0,false

45462,486,20,0,0,0,false

45482,486,20,0,0,0,false

45501,486,20,0,0,0,false

45520,486,20,0,0,0,false

45539,486,20,0,0,0,false

45559,486,20,0,0,0,false

45579,486,20,0,0,0,false

45597,486,20,0,0,0,false

45616,486,20,0,0,0,false

45633,486,20,0,0,0,false

45651,486,20,0,0,0,false

45669,486,20,0,0,0,false

45685,486,20,0,0,0,false

45704,486,20,0,0,0,false

45723,486,20,0,0,0,false

45741,486,20,0,0,0,false

45760,486,20,0,0,0,false

45775,486,20,0,0,0,false

45790,486,20,0,0,0,false

45805,486,20,0,0,0,false

45824,486,20,0,0,0,false

45844,486,20,0,0,0,false

45862,486,20,0,0,0,false

45878,486,20,0,0,0,false

45894,486,20,0,0,0,false

45910,486,20,0,0,0,false

45924,486,20,0,0,0,false

45944,486,20,0,0,0,false

45959,486,20,0,0,0,false

45977,0,20,0,0,0,false

45990,256,20,0,0,0,false

46006,486,20,0,0,0,false

46026,486,20,0,0,0,false

46046,486,486,0,0,0,false

46063,486,230,0,0,0,false

46082,486,20,0,0,0,false

46101,486,20,0,0,0,false

46120,486,20,0,0,0,false

46139,486,20,0,0,0,false

46158,486,20,0,0,0,false

46175,486,20,0,0,0,false

46191,486,20,0,0,0,false

46210,486,20,0,0,0,false

46228,486,20,0,0,0,false

46244,486,20,0,0,0,false

46258,486,20,0,0,0,false

46275,486,20,0,0,0,false

46292,486,20,0,0,0,false

46310,486,20,0,0,0,false

46328,486,20,0,0,0,false

46343,486,20,0,0,0,false

46358,486,20,0,0,0,false

46373,486,20,0,0,0,false

46387,486,20,0,0,0,false

46402,486,20,0,0,0,false

46421,486,20,0,0,0,false

46440,486,20,0,0,0,false

46459,486,20,0,0,0,false

46477,486,20,0,0,0,false

46495,486,20,0,0,0,false

46514,486,20,0,0,0,false

46533,486,20,0,0,0,false

46552,486,20,0,0,0,false

46573,486,20,0,0,0,false

46592,486,20,0,0,0,false

46610,486,20,0,0,0,false

46628,486,20,0,0,0,false

46648,486,20,0,0,0,false

46667,486,20,0,0,0,false

46686,486,20,0,0,0,false

46705,486,20,0,0,0,false

46722,486,20,0,0,0,false

46739,486,20,0,0,0,false

46757,486,20,0,0,0,false

46777,486,20,0,0,0,false

46795,486,20,0,0,0,false

46812,486,20,0,0,0,false

46827,486,20,0,0,0,false

46846,486,20,0,0,0,false

46861,486,20,0,0,0,false

46877,486,20,0,0,0,false

46892,486,20,0,0,0,false

46909,486,20,0,0,0,false

46923,486,20,0,0,0,false

46938,486,20,0,0,0,false

46952,486,20,0,0,0,false

46969,486,20,0,0,0,false

46985,486,20,0,0,0,false

47004,486,20,0,0,0,false

47020,486,20,0,0,0,false

47038,486,20,0,0,0,false

47057,486,20,0,0,0,false

47072,486,20,0,0,0,false

47089,486,20,0,0,0,false

47109,486,20,0,0,0,false

47129,486,20,0,0,0,false

47148,486,20,0,0,0,false

47165,486,20,0,0,0,false

47184,486,20,0,0,0,false

47202,486,20,0,0,0,false

47219,486,20,0,0,0,false

47234,486,20,0,0,0,false

47253,486,20,0,0,0,false

47273,486,20,0,0,0,false

47291,486,20,0,0,0,false

47310,486,20,0,0,0,false

47330,486,20,0,0,0,false

47350,486,20,0,0,0,false

47370,486,20,0,0,0,false

47388,486,20,0,0,0,false

47408,486,20,0,0,0,false

47428,486,20,0,0,0,false

47446,486,20,0,0,0,false

47465,0,20,0,0,0,false

47485,256,20,0,0,0,false

47502,486,20,0,0,0,false

47522,486,20,0,0,0,false

47542,486,486,0,0,0,false

47561,486,230,0,0,0,false

47580,486,20,0,0,0,false

47599,486,20,0,0,0,false

47618,486,20,0,0,0,false

47638,486,20,0,0,0,false

47657,486,20,0,0,0,false

47677,486,20,0,0,0,false

47694,486,20,0,0,0,false

47713,486,20,0,0,0,false

47732,486,20,0,0,0,false

47751,486,20,0,0,0,false

