EcoCar Accessory Log
16:26:9
millis, Trunk Temp, Ambient Temp, Cabin Temp, Accessory VBatt, FC Power

12709,0,0,0,0

12729,0,0,0,0

12744,0,0,0,0

12762,0,0,0,0

12780,0,0,0,0

12800,0,0,0,0

12821,0,0,0,0

12838,0,0,0,0

12857,0,0,0,0

12876,0,0,0,0

12897,0,0,0,0

12921,0,0,0,0

12943,0,0,0,0

12965,0,0,0,0

12987,0,0,0,0

13007,0,0,0,0

13027,0,0,0,0

13044,0,0,0,0

13063,0,0,0,0

13083,0,0,0,0

13104,0,0,0,0

13126,0,0,0,0

13144,0,0,0,0

13164,0,0,0,0

13184,0,0,0,0

13207,0,0,0,0

13230,0,0,0,0

13250,0,0,0,0

13268,0,0,0,0

13286,0,0,0,0

13307,0,0,0,0

13330,0,0,0,0

13354,0,0,0,0

13378,0,0,0,0

13398,0,0,0,0

13419,0,0,0,0

13444,0,0,0,0

13467,0,0,0,0

13492,0,0,0,0

13512,0,0,0,0

13534,0,0,0,0

13557,0,0,0,0

13577,0,0,0,0

13595,0,0,0,0

13616,0,0,0,0

13637,0,0,0,0

13657,0,0,0,0

13677,0,0,0,0

13708,0,0,0,0

13733,0,0,0,0

13761,0,0,0,0

13788,0,0,0,0

13809,0,0,0,0

13831,0,0,0,0

13856,0,0,0,0

13880,0,0,0,0

13904,0,0,0,0

13928,-30,0,0,0

13952,-30,0,0,0

13978,-30,0,0,0

14004,-30,0,0,0

14032,-30,0,-30,0

14056,-30,0,-30,0

14082,-30,0,22,0

14103,-30,0,22,0

14124,-30,0,22,0

14146,-30,0,22,0

14166,-30,0,22,0

14187,-30,0,22,0

14212,-30,0,22,5

14237,-30,0,22,5

14262,-30,0,22,9

14284,-30,0,22,9

14309,-30,0,22,9

14331,-30,0,22,9

14356,-30,0,22,9

14380,-30,0,22,9

14409,-30,0,22,9

14433,-30,0,22,9

14460,-30,0,22,9

14486,-30,0,22,9

14511,-30,0,22,9

14540,-30,0,22,9

14565,-30,0,22,9

14590,-30,0,22,9

14619,-30,0,22,9

14644,-30,0,22,9

14666,-30,0,22,9

14687,-30,0,22,9

14714,-30,0,22,9

14739,-30,0,22,9

14763,-30,0,22,9

14787,-30,0,22,9

14808,-30,0,22,9

14832,-30,0,22,9

14854,-30,0,22,9

14879,-30,0,22,9

14904,-30,0,22,9

14932,-30,0,22,9

14960,-30,0,22,9

14986,-30,0,22,9

15013,-30,0,22,9

15039,-30,0,22,9

15062,-30,0,22,9

15088,-30,0,22,9

15112,-30,0,22,9

15137,-30,0,22,9

15162,-30,0,22,9

15187,-30,0,22,9

15216,-30,0,22,9

15244,-30,0,22,9

15268,-30,0,22,9

15292,-30,0,22,9

15317,-30,0,22,9

15342,-30,0,22,9

15366,-30,0,22,9

15391,-30,0,22,9

15414,-30,0,22,9

15440,-30,0,22,9

15470,-30,0,22,9

15493,-30,0,22,9

15515,-30,0,22,9

15537,-30,0,22,9

15561,-30,0,22,9

15586,-30,0,22,9

15610,-30,0,22,9

15634,-30,0,22,9

15660,-30,0,22,9

15682,-30,0,22,9

15710,-30,0,22,9

15739,-30,0,22,9

15768,-30,0,22,9

15795,-30,0,22,9

15819,-30,0,22,9

15846,-30,0,22,9

15876,-30,0,22,9

15900,-30,0,22,9

15924,-30,0,22,9

15948,-30,0,22,9

15978,-30,0,22,9

16002,-30,0,22,9

16028,-30,0,22,9

16052,-30,0,22,9

16081,-30,0,22,9

16107,-30,0,22,9

16130,-30,0,-30,9

16155,-30,0,-30,9

16179,-30,0,22,9

16211,-30,0,22,9

16238,-30,0,22,9

16263,-30,0,22,9

16290,-30,0,22,9

16319,-30,0,22,9

16348,-30,0,22,5

16375,-30,0,22,5

16401,-30,0,22,9

16429,-30,0,22,9

16456,-30,0,22,9

16496,-30,0,22,9

16521,-30,0,22,9

16545,-30,0,22,9

16570,-30,0,22,9

16594,-30,0,22,9

16616,-30,0,22,9

16643,-30,0,22,9

16667,-30,0,22,9

16689,-30,0,22,9

16718,-30,0,22,9

16743,-30,0,22,9

16770,-30,0,22,9

16793,-30,0,22,9

16822,-30,0,22,9

16850,-30,0,22,9

16877,-30,0,22,9

16899,-30,0,22,9

16927,-30,0,22,9

16957,-30,0,22,9

16986,-30,0,22,9

17015,-30,0,22,9

17043,-30,0,22,9

17067,-30,0,22,9

17094,-30,0,22,9

17124,-30,0,22,9

17147,-30,0,22,9

17169,-30,0,22,9

17192,-30,0,22,9

17219,-30,0,22,9

17246,-30,0,22,9

17269,-30,0,22,9

17294,-30,0,22,9

17317,-30,0,22,9

17346,-30,0,22,9

17373,-30,0,22,9

17397,-30,0,22,9

17423,-30,0,22,9

17450,-30,0,22,9

17479,-30,0,22,9

17506,-30,0,22,9

17532,-30,0,22,9

17558,-30,0,22,9

17588,-30,0,22,9

17616,-30,0,22,9

17646,-30,0,22,9

17673,-30,0,22,9

17700,-30,0,22,9

17732,-30,0,22,9

17760,-30,0,22,9

17785,-30,0,22,9

17811,-30,0,22,9

17840,-30,0,22,9

17867,-30,0,22,9

17893,-30,0,22,9

17917,-30,0,22,9

17946,-30,0,22,9

17971,-30,0,22,9

17997,-30,0,22,9

18024,-30,0,22,9

18050,-30,0,22,9

18077,-30,0,22,9

18104,-30,0,22,9

18129,-30,0,22,9

18164,-30,0,22,9

18192,-30,0,22,9

18222,-30,0,22,9

18250,-30,0,22,9

18278,-30,0,22,9

18307,-30,0,22,9

18341,-30,0,22,9

18370,-30,0,22,9

18393,-30,0,-30,9

18417,-30,0,-30,9

18442,-30,0,22,9

18467,-30,0,22,9

18490,-30,0,22,9

18515,-30,0,22,9

18544,-30,0,22,9

18566,-30,0,22,9

18590,-30,0,22,5

18670,-30,0,22,5

18693,-30,0,22,9

18718,-30,0,22,9

18745,-30,0,22,9

18774,-30,0,22,9

18803,-30,0,22,9

18831,-30,0,22,9

18860,-30,0,22,9

18888,-30,0,22,9

18920,-30,0,22,9

18948,-30,0,22,9

18977,-30,0,22,9

18999,-30,0,22,9

19020,-30,0,22,9

19040,-30,0,22,9

19065,-30,0,22,9

19090,-30,0,22,9

19112,-30,0,22,9

19134,-30,0,22,9

19158,-30,0,22,9

19180,-30,0,22,9

19204,-30,0,22,9

19227,-30,0,22,9

19255,-30,0,22,9

19280,-30,0,22,9

19306,-30,0,22,9

19329,-30,0,22,9

19351,-30,0,22,9

19373,-30,0,22,9

19394,-30,0,22,9

19418,-30,0,22,9

19442,-30,0,22,9

19469,-30,0,22,9

19492,-30,0,22,9

19521,-30,0,22,9

19548,-30,0,22,9

19573,-30,0,22,9

19596,-30,0,22,9

19620,-30,0,22,9

19641,-30,0,22,9

19660,-30,0,22,9

19682,-30,0,22,9

19704,-30,0,22,9

19724,-30,0,22,9

19745,-30,0,22,9

19767,-30,0,22,9

19788,-30,0,22,9

19808,-30,0,22,9

19829,-30,0,22,9

19851,-30,0,22,9

19873,-30,0,22,9

19893,-30,0,22,9

19917,-30,0,22,9

19939,-30,0,22,9

19961,-30,0,22,9

19985,-30,0,22,9

20007,-30,0,22,9

20032,-30,0,22,9

20057,-30,0,22,9

20078,-30,0,22,9

20099,-30,0,22,9

20125,-30,0,22,9

20150,-30,0,22,9

20173,-30,0,22,9

20194,-30,0,22,9

20215,-30,0,22,9

20234,-30,0,22,9

20252,-30,0,22,9

20270,-30,0,22,9

20287,-30,0,22,9

20307,-30,0,22,9

20332,-30,0,22,9

20351,-30,0,22,9

20369,-30,0,22,9

20387,-30,0,22,9

20406,-30,0,-30,9

20426,-30,0,-30,9

20445,-30,0,22,9

20468,-30,0,22,9

20486,-30,0,22,9

20504,-30,0,22,9

20522,-30,0,22,9

20539,-30,0,22,9

20557,-30,0,22,5

20579,-30,0,22,5

20601,-30,0,22,9

20623,-30,0,22,9

20648,-30,0,22,9

20668,-30,0,22,9

20693,-30,0,22,9

20719,-30,0,22,9

20741,-30,0,22,9

20761,-30,0,22,9

20783,-30,0,22,9

20805,-30,0,22,9

20828,-30,0,22,9

20851,-30,0,22,9

20871,-30,0,22,9

20893,-30,0,22,9

20913,-30,0,22,9

20932,-30,0,22,9

20951,-30,0,22,9

20974,-30,0,22,9

20992,-30,0,22,9

21013,-30,0,22,9

21033,-30,0,22,9

21053,-30,0,22,9

21071,-30,0,22,9

21091,-30,0,22,9

21110,-30,0,22,9

21131,-30,0,22,9

21156,-30,0,22,9

21180,-30,0,22,9

21209,-30,0,22,9

21231,-30,0,22,9

21252,-30,0,22,9

21272,-30,0,22,9

21297,-30,0,22,9

21319,-30,0,22,9

21339,-30,0,22,9

21358,-30,0,22,9

21376,-30,0,22,9

21397,-30,0,22,9

21415,-30,0,22,9

21431,-30,0,22,9

21451,-30,0,22,9

21468,-30,0,22,9

21490,-30,0,22,9

21511,-30,0,22,9

21532,-30,0,22,9

21551,-30,0,22,9

21570,-30,0,22,9

21589,-30,0,22,9

21607,-30,0,22,9

21624,-30,0,22,9

21641,-30,0,22,9

21658,-30,0,22,9

21677,-30,0,22,9

21695,-30,0,22,9

21715,-30,0,22,9

21734,-30,0,22,9

21756,-30,0,22,9

21775,-30,0,22,9

21798,-30,0,22,9

21818,-30,0,22,9

21836,-30,0,22,9

21852,-30,0,22,9

21872,-30,0,22,9

21891,-30,0,22,9

21909,-30,0,22,9

21926,-30,0,22,9

21944,-30,0,22,9

21963,-30,0,22,9

21983,-30,0,22,9

22001,-30,0,22,9

22015,-30,0,22,9

22030,-30,0,22,9

22045,-30,0,22,9

22060,-30,0,22,9

22075,-30,0,-30,9

22091,-30,0,-30,9

22108,-30,0,22,9

22125,-30,0,22,9

22144,-30,0,22,9

22162,-30,0,22,9

22179,-30,0,22,9

22197,-30,0,22,9

22216,-30,0,22,5

22233,-30,0,22,5

22250,-30,0,22,9

22268,-30,0,22,9

22287,-30,0,22,9

22306,-30,0,22,9

22326,-30,0,22,9

22345,-30,0,22,9

22364,-30,0,22,9

22383,-30,0,22,9

22399,-30,0,22,9

22418,-30,0,22,9

22436,-30,0,22,9

22452,-30,0,22,9

22474,-30,0,22,9

22491,-30,0,22,9

22510,-30,0,22,9

22529,-30,0,22,9

22547,-30,0,22,9

22563,-30,0,22,9

22580,-30,0,22,9

22600,-30,0,22,9

22621,-30,0,22,9

22641,-30,0,22,9

22658,-30,0,22,9

22676,-30,0,22,9

22696,-30,0,22,9

22716,-30,0,22,9

22735,-30,0,22,9

22753,-30,0,22,9

22771,-30,0,22,9

22791,-30,0,22,9

22808,-30,0,22,9

22827,-30,0,22,9

22845,-30,0,22,9

22864,-30,0,22,9

22882,-30,0,22,9

22903,-30,0,22,9

22923,-30,0,22,9

22941,-30,0,22,9

22962,-30,0,22,9

22983,-30,0,22,9

23003,-30,0,22,9

23021,-30,0,22,9

23043,-30,0,22,9

23062,-30,0,22,9

23081,-30,0,22,9

23099,-30,0,22,9

23116,-30,0,22,9

23134,-30,0,22,9

23153,-30,0,22,9

23172,-30,0,22,9

23191,-30,0,22,9

23210,-30,0,22,9

23225,-30,0,22,9

23243,-30,0,22,9

23263,-30,0,22,9

23281,-30,0,22,9

23297,-30,0,22,9

23315,-30,0,22,9

23333,-30,0,22,9

23349,-30,0,22,9

23366,-30,0,22,9

23382,-30,0,22,9

23398,-30,0,22,9

23415,-30,0,22,9

23429,-30,0,22,9

23447,-30,0,22,9

23465,-30,0,22,9

23483,-30,0,22,9

23500,-30,0,22,9

23520,-30,0,22,9

23540,-30,0,22,9

23557,-30,0,22,9

23578,-30,0,22,9

23597,-30,0,22,9

23613,-30,0,-30,9

23628,-30,0,-30,9

23642,-30,0,22,9

23658,-30,0,22,9

23674,-30,0,22,9

23688,-30,0,22,9

23704,-30,0,22,9

23723,-30,0,22,9

23738,-30,0,22,5

23755,-30,0,22,5

23770,-30,0,22,9

23784,-30,0,22,9

23800,-30,0,22,9

23815,-30,0,22,9

23869,-30,0,22,9

23884,-30,0,22,9

23900,-30,0,22,9

23917,-30,0,22,9

23935,-30,0,22,9

23952,-30,0,22,9

23971,-30,0,22,9

23989,-30,0,22,9

24006,-30,0,22,9

24023,-30,0,22,9

24042,-30,0,22,9

24060,-30,0,22,9

24082,-30,0,22,9

24101,-30,0,22,9

24121,-30,0,22,9

24139,-30,0,22,9

24158,-30,0,22,9

24176,-30,0,22,9

24193,-30,0,22,9

24212,-30,0,22,9

24232,-30,0,22,9

24254,-30,0,22,9

24275,-30,0,22,9

24294,-30,0,22,9

24312,-30,0,22,9

24331,-30,0,22,9

24353,-30,0,22,9

24371,-30,0,22,9

24387,-30,0,22,9

24406,-30,0,22,9

24424,-30,0,22,9

24441,-30,0,22,9

24461,-30,0,22,9

24479,-30,0,22,9

24497,-30,0,22,9

24515,-30,0,22,9

24532,-30,0,22,9

24553,-30,0,22,9

24574,-30,0,22,9

24597,-30,0,22,9

24617,-30,0,22,9

24637,-30,0,22,9

24654,-30,0,22,9

24675,-30,0,22,9

24694,-30,0,22,9

24713,-30,0,22,9

24731,-30,0,22,9

24748,-30,0,22,9

24764,-30,0,22,9

24782,-30,0,22,9

24800,-30,0,22,9

24820,-30,0,22,9

24843,-30,0,22,9

24863,-30,0,22,9

24878,-30,0,22,9

24899,-30,0,22,9

24921,-30,0,22,9

24940,-30,0,22,9

24959,-30,0,22,9

24979,-30,0,22,9

24998,-30,0,22,9

25014,-30,0,22,9

25034,-30,0,22,9

25053,-30,0,22,9

25069,-30,0,22,9

25091,-30,0,22,9

25111,-30,0,22,9

25131,-30,0,22,9

25150,-30,0,22,9

25170,-30,0,22,9

25189,-30,0,-30,9

25210,-30,0,-30,9

25233,-30,0,22,9

25255,-30,0,22,9

25272,-30,0,22,9

25290,-30,0,22,9

25309,-30,0,22,9

25329,-30,0,22,9

25347,-30,0,22,5

25367,-30,0,22,5

25384,-30,0,22,9

25401,-30,0,22,9

25421,-30,0,22,9

25441,-30,0,22,9

25462,-30,0,22,9

25481,-30,0,22,9

25500,-30,0,22,9

25521,-30,0,22,9

25542,-30,0,22,9

25562,-30,0,22,9

25582,-30,0,22,9

25602,-30,0,22,9

25622,-30,0,22,9

25645,-30,0,22,9

25668,-30,0,22,9

25690,-30,0,22,9

25711,-30,0,22,9

25731,-30,0,22,9

25752,-30,0,22,9

25769,-30,0,22,9

25790,-30,0,22,9

25809,-30,0,22,9

25829,-30,0,22,9

25849,-30,0,22,9

25865,-30,0,22,9

25884,-30,0,22,9

25901,-30,0,22,9

25919,-30,0,22,9

25937,-30,0,22,9

25956,-30,0,22,9

25973,-30,0,22,9

25989,-30,0,22,9

26007,-30,0,22,9

26027,-30,0,22,9

26046,-30,0,22,9

26065,-30,0,22,9

26085,-30,0,22,9

26103,-30,0,22,9

26120,-30,0,22,9

26139,-30,0,22,9

26155,-30,0,22,9

26173,-30,0,22,9

26193,-30,0,22,9

26212,-30,0,22,9

26232,-30,0,22,9

26253,-30,0,22,9

26271,-30,0,22,9

26291,-30,0,22,9

26311,-30,0,22,9

26332,-30,0,22,9

26357,-30,0,22,9

26375,-30,0,22,9

26394,-30,0,22,9

26413,-30,0,22,9

26430,-30,0,22,9

26449,-30,0,22,9

26471,-30,0,22,9

26490,-30,0,22,9

26506,-30,0,22,9

26527,-30,0,22,9

26545,-30,0,22,9

26565,-30,0,22,9

26585,-30,0,22,9

26602,-30,0,22,9

26620,-30,0,22,9

26638,-30,0,22,9

26656,-30,0,22,9

26674,-30,0,22,9

26694,-30,0,22,9

26712,-30,0,22,9

26731,-30,0,22,9

26751,-30,0,22,9

26772,-30,0,22,9

26794,-30,0,22,9

26814,-30,0,-30,9

26835,-30,0,-30,9

26854,-30,0,22,9

26873,-30,0,22,9

26891,-30,0,22,9

26909,-30,0,22,9

26926,-30,0,22,9

26946,-30,0,22,9

26965,-30,0,22,5

26983,-30,0,22,5

27005,-30,0,22,9

27023,-30,0,22,9

27043,-30,0,22,9

27060,-30,0,22,9

27079,-30,0,22,9

27096,-30,0,22,9

27115,-30,0,22,9

27132,-30,0,22,9

27151,-30,0,22,9

27169,-30,0,22,9

27189,-30,0,22,9

27209,-30,0,22,9

27231,-30,0,22,9

27253,-30,0,22,9

27271,-30,0,22,9

27292,-30,0,22,9

27313,-30,0,22,9

27335,-30,0,22,9

27358,-30,0,22,9

27380,-30,0,22,9

27399,-30,0,22,9

27418,-30,0,22,9

27438,-30,0,22,9

27459,-30,0,22,9

27477,-30,0,22,9

27498,-30,0,22,9

27522,-30,0,22,9

27544,-30,0,22,9

27564,-30,0,22,9

27585,-30,0,22,9

27608,-30,0,22,9

27627,-30,0,22,9

27647,-30,0,22,9

27668,-30,0,22,9

27685,-30,0,22,9

27703,-30,0,22,9

27722,-30,0,22,9

27739,-30,0,22,9

27759,-30,0,22,9

27777,-30,0,22,9

27793,-30,0,22,9

27814,-30,0,22,9

27833,-30,0,22,9

27853,-30,0,22,9

27871,-30,0,22,9

27891,-30,0,22,9

27913,-30,0,22,9

27933,-30,0,22,9

27950,-30,0,22,9

27971,-30,0,22,9

27992,-30,0,22,9

28009,-30,0,22,9

28025,-30,0,22,9

28041,-30,0,22,9

28057,-30,0,22,9

28073,-30,0,22,9

28090,-30,0,22,9

28107,-30,0,22,9

28125,-30,0,22,9

28144,-30,0,22,9

28161,-30,0,22,9

28179,-30,0,22,9

28195,-30,0,22,9

28216,-30,0,22,9

28233,-30,0,22,9

28253,-30,0,22,9

28272,-30,0,22,9

28293,-30,0,22,9

28315,-30,0,22,9

28337,-30,0,22,9

28359,-30,0,22,9

28381,-30,0,22,9

28400,-30,0,22,9

28418,-30,0,22,9

28437,-30,0,-30,9

28465,-30,0,-30,9

28491,-30,0,22,9

28515,-30,0,22,9

28533,-30,0,22,9

28558,-30,0,22,9

28579,-30,0,22,9

28598,-30,0,22,9

28618,-30,0,22,5

28641,-30,0,22,5

28664,-30,0,22,9

28683,-30,0,22,9

28701,-30,0,22,9

28721,-30,0,22,9

28742,-30,0,22,9

28763,-30,0,22,9

28782,-30,0,22,9

28804,-30,0,22,9

28823,-30,0,22,9

28847,-30,0,22,9

28867,-30,0,22,9

28890,-30,0,22,9

28913,-30,0,22,9

28932,-30,0,22,9

28950,-30,0,22,9

28973,-30,0,22,9

28992,-30,0,22,9

29016,-30,0,22,9

29042,-30,0,22,9

29068,-30,0,22,9

29092,-30,0,22,9

29112,-30,0,22,9

29132,-30,0,22,9

29154,-30,0,22,9

29179,-30,0,22,9

29200,-30,0,22,9

29221,-30,0,22,9

29239,-30,0,22,9

29256,-30,0,22,9

29276,-30,0,22,9

29294,-30,0,22,9

29313,-30,0,22,9

29333,-30,0,22,9

29352,-30,0,22,9

29368,-30,0,22,9

29385,-30,0,22,9

29404,-30,0,22,9

29423,-30,0,22,9

29440,-30,0,22,9

29458,-30,0,22,9

29478,-30,0,22,9

29499,-30,0,22,9

29515,-30,0,22,9

29537,-30,0,22,9

29560,-30,0,22,9

29578,-30,0,22,9

29594,-30,0,22,9

29615,-30,0,22,9

29637,-30,0,22,9

29656,-30,0,22,9

29677,-30,0,22,9

29694,-30,0,22,9

29711,-30,0,22,9

29730,-30,0,22,9

29751,-30,0,22,9

29769,-30,0,22,9

29787,-30,0,22,9

29805,-30,0,22,9

29825,-30,0,22,9

29842,-30,0,22,9

29863,-30,0,22,9

29879,-30,0,22,9

29899,-30,0,22,9

29916,-30,0,22,9

29932,-30,0,22,9

29951,-30,0,22,9

29969,-30,0,22,9

29989,-30,0,22,9

30009,-30,0,22,9

30029,-30,0,22,9

30047,-30,0,22,9

30064,-30,0,22,9

30089,-30,0,22,9

30109,-30,0,22,9

30126,-30,0,-30,9

30145,-30,0,-30,9

30165,-30,0,22,9

30186,-30,0,22,9

30207,-30,0,22,9

30224,-30,0,22,9

30242,-30,0,22,9

30260,-30,0,22,9

30279,-30,0,22,5

30298,-30,0,22,5

30319,-30,0,22,9

30340,-30,0,22,9

30358,-30,0,22,9

30375,-30,0,22,9

30392,-30,0,22,9

30408,-30,0,22,9

30426,-30,0,22,9

30445,-30,0,22,9

30465,-30,0,22,9

30485,-30,0,22,9

30504,-30,0,22,9

30525,-30,0,22,9

30546,-30,0,22,9

30565,-30,0,22,9

30583,-30,0,22,9

30600,-30,0,22,9

30617,-30,0,22,9

30639,-30,0,22,9

30661,-30,0,22,9

30678,-30,0,22,9

30698,-30,0,22,9

30718,-30,0,22,9

30739,-30,0,22,9

30760,-30,0,22,9

30778,-30,0,22,9

30798,-30,0,22,9

30818,-30,0,22,9

30836,-30,0,22,9

30854,-30,0,22,9

30874,-30,0,22,9

30895,-30,0,22,9

30912,-30,0,22,9

30933,-30,0,22,9

30950,-30,0,22,9

30969,-30,0,22,9

30989,-30,0,22,9

31009,-30,0,22,9

31027,-30,0,22,9

31049,-30,0,22,9

31072,-30,0,22,9

31095,-30,0,22,9

31116,-30,0,22,9

31134,-30,0,22,9

31155,-30,0,22,9

31175,-30,0,22,9

31196,-30,0,22,9

31217,-30,0,22,9

31237,-30,0,22,9

31261,-30,0,22,9

31283,-30,0,22,9

31305,-30,0,22,9

31325,-30,0,22,9

31347,-30,0,22,9

31367,-30,0,22,9

31385,-30,0,22,9

31407,-30,0,22,9

31429,-30,0,22,9

31447,-30,0,22,9

31467,-30,0,22,9

31487,-30,0,22,9

31513,-30,0,22,9

31537,-30,0,22,9

31562,-30,0,22,9

31585,-30,0,22,9

31608,-30,0,22,9

31628,-30,0,22,9

31653,-30,0,22,9

31677,-30,0,22,9

31701,-30,0,22,9

31728,-30,0,22,9

31751,-30,0,22,9

31778,-30,0,22,9

31801,-30,0,22,9

31826,-30,0,22,9

31851,-30,0,-30,9

31877,-30,0,-30,9

31903,-30,0,22,9

31926,-30,0,22,9

31953,-30,0,22,9

31980,-30,0,22,9

32004,-30,0,22,9

32026,-30,0,22,9

32053,-30,0,22,5

32075,-30,0,22,5

32101,-30,0,22,9

32123,-30,0,22,9

32141,-30,0,22,9

32164,-30,0,22,9

32186,-30,0,22,9

32207,-30,0,22,9

32230,-30,0,22,9

32251,-30,0,22,9

32271,-30,0,22,9

32296,-30,0,22,9

32319,-30,0,22,9

32341,-30,0,22,9

32362,-30,0,22,9

32384,-30,0,22,9

32406,-30,0,22,9

32426,-30,0,22,9

32447,-30,0,22,9

32469,-30,0,22,9

32492,-30,0,22,9

32513,-30,0,22,9

32535,-30,0,22,9

32553,-30,0,22,9

32575,-30,0,22,9

32593,-30,0,22,9

32614,-30,0,22,9

32633,-30,0,22,9

32656,-30,0,22,9

32675,-30,0,22,9

32698,-30,0,22,9

32722,-30,0,22,9

32747,-30,0,22,9

32773,-30,0,22,9

32800,-30,0,22,9

32826,-30,0,22,9

32851,-30,0,22,9

32878,-30,0,22,9

32901,-30,0,22,9

32926,-30,0,22,9

32946,-30,0,22,9

32969,-30,0,22,9

32992,-30,0,22,9

33016,-30,0,22,9

33040,-30,0,22,9

33060,-30,0,22,9

33084,-30,0,22,9

33109,-30,0,22,9

33132,-30,0,22,9

33153,-30,0,22,9

33174,-30,0,22,9

33195,-30,0,22,9

33217,-30,0,22,9

33240,-30,0,22,9

33262,-30,0,22,9

33282,-30,0,22,9

33303,-30,0,22,9

33325,-30,0,22,9

33349,-30,0,22,9

33369,-30,0,22,9

33392,-30,0,22,9

33415,-30,0,22,9

33436,-30,0,22,9

33459,-30,0,22,9

33480,-30,0,22,9

33503,-30,0,22,9

33529,-30,0,22,9

33554,-30,0,22,9

33582,-30,0,22,9

33606,-30,0,22,9

33630,-30,0,22,9

33654,-30,0,22,9

33679,-30,0,22,9

33705,-30,0,22,9

33737,-30,0,22,9

33768,-30,0,22,9

33799,-30,0,-30,9

33830,-30,0,-30,9

33861,-30,0,22,9

33893,-30,0,22,9

33919,-30,0,22,9

33944,-30,0,22,9

33970,-30,0,22,9

33996,-30,0,22,9

34021,-30,0,22,5

34045,-30,0,22,5

34069,-30,0,22,9

34094,-30,0,22,9

34118,-30,0,22,9

34143,-30,0,22,9

34183,-30,0,22,9

34207,-30,0,22,9

34232,-30,0,22,9

34255,-30,0,22,9

34279,-30,0,22,9

34303,-30,0,22,9

34327,-30,0,22,9

34352,-30,0,22,9

34376,-30,0,22,9

34400,-30,0,22,9

34425,-30,0,22,9

34449,-30,0,22,9

34473,-30,0,22,9

34496,-30,0,22,9

34520,-30,0,22,9

34541,-30,0,22,9

34564,-30,0,22,9

34586,-30,0,22,9

34602,-30,0,22,9

34618,-30,0,22,9

34632,-30,0,22,9

34648,-30,0,22,9

34664,-30,0,22,9

34680,-30,0,22,9

34696,-30,0,22,9

34712,-30,0,22,9

34727,-30,0,22,9

34742,-30,0,22,9

34757,-30,0,22,9

34770,-30,0,22,9

34784,-30,0,22,9

34798,-30,0,22,9

34811,-30,0,22,9

34825,-30,0,22,9

34840,-30,0,22,9

34854,-30,0,22,9

34866,-30,0,22,9

34881,-30,0,22,9

34896,-30,0,22,9

34911,-30,0,22,9

34926,-30,0,22,9

34941,-30,0,22,9

34957,-30,0,22,9

34973,-30,0,22,9

34987,-30,0,22,9

35001,-30,0,22,9

35015,-30,0,22,9

35029,-30,0,22,9

35043,-30,0,22,9

35056,-30,0,22,9

35070,-30,0,22,9

35083,-30,0,22,9

35098,-30,0,22,9

35113,-30,0,22,9

35130,-30,0,22,9

35146,-30,0,22,9

35161,-30,0,22,9

35177,-30,0,22,9

35191,-30,0,22,9

35207,-30,0,22,9

35221,-30,0,22,9

35235,-30,0,22,9

35249,-30,0,22,9

35263,-30,0,22,9

35278,-30,0,22,9

35293,-30,0,22,9

35309,-30,0,22,9

35324,-30,0,22,9

35339,-30,0,22,9

35352,-30,0,22,9

35366,-30,0,-30,9

35380,-30,0,-30,9

35393,-30,0,22,9

35405,-30,0,22,9

35421,-30,0,22,9

35434,-30,0,22,9

35448,-30,0,22,9

35463,-30,0,22,9

35478,-30,0,22,5

35491,-30,0,22,5

35507,-30,0,22,9

35521,-30,0,22,9

35536,-30,0,22,9

35551,-30,0,22,9

35565,-30,0,22,9

35579,-30,0,22,9

35593,-30,0,22,9

35607,-30,0,22,9

35621,-30,0,22,9

35635,-30,0,22,9

35650,-30,0,22,9

35666,-30,0,22,9

35682,-30,0,22,9

35698,-30,0,22,9

35715,-30,0,22,9

35730,-30,0,22,9

35746,-30,0,22,9

35763,-30,0,22,9

35779,-30,0,22,9

35796,-30,0,22,9

35810,-30,0,22,9

35824,-30,0,22,9

35839,-30,0,22,9

35855,-30,0,22,9

35872,-30,0,22,9

35889,-30,0,22,9

35905,-30,0,22,9

35920,-30,0,22,9

35934,-30,0,22,9

35950,-30,0,22,9

35966,-30,0,22,9

35979,-30,0,22,9

35995,-30,0,22,9

36009,-30,0,22,9

36022,-30,0,22,9

36036,-30,0,22,9

36051,-30,0,22,9

36065,-30,0,22,9

36085,-30,0,22,9

36099,-30,0,22,9

36113,-30,0,22,9

36127,-30,0,22,9

36141,-30,0,22,9

36155,-30,0,22,9

36170,-30,0,22,9

36184,-30,0,22,9

36200,-30,0,22,9

36217,-30,0,22,9

36233,-30,0,22,9

36250,-30,0,22,9

36266,-30,0,22,9

36281,-30,0,22,9

36296,-30,0,22,9

36312,-30,0,22,9

36328,-30,0,22,9

36342,-30,0,22,9

36358,-30,0,22,9

36373,-30,0,22,9

36388,-30,0,22,9

36403,-30,0,22,9

36417,-30,0,22,9

36431,-30,0,22,9

36446,-30,0,22,9

36460,-30,0,22,9

36476,-30,0,22,9

36490,-30,0,22,9

36505,-30,0,22,9

36519,-30,0,22,9

36535,-30,0,22,9

36546,-30,0,22,9

36562,-30,0,22,9

36578,-30,0,22,9

36592,-30,0,22,9

36606,-30,0,22,9

36621,-30,0,-30,9

36636,-30,0,-30,9

36651,-30,0,22,9

36667,-30,0,22,9

36682,-30,0,22,9

36696,-30,0,22,9

36713,-30,0,22,9

36731,-30,0,22,9

36747,-30,0,22,5

36765,-30,0,22,5

36783,-30,0,22,8

36801,-30,0,22,8

36820,-30,0,22,8

36836,-30,0,22,8

36849,-30,0,22,8

36865,-30,0,22,8

36881,-30,0,22,8

36894,-30,0,22,8

36908,-30,0,22,8

36925,-30,0,22,8

36940,-30,0,22,8

36955,-30,0,22,8

36971,-30,0,22,8

36988,-30,0,22,8

37003,-30,0,22,8

37020,-30,0,22,8

37036,-30,0,22,8

37049,-30,0,22,8

37063,-30,0,22,8

37077,-30,0,22,8

37089,-30,0,22,8

37104,-30,0,22,8

37117,-30,0,22,8

37132,-30,0,22,8

37146,-30,0,22,8

37159,-30,0,22,8

37174,-30,0,22,8

37189,-30,0,22,8

37203,-30,0,22,8

37218,-30,0,22,8

37230,-30,0,22,8

37244,-30,0,22,8

37261,-30,0,22,8

37277,-30,0,22,8

37294,-30,0,22,8

37309,-30,0,22,8

37325,-30,0,22,8

37344,-30,0,22,8

37362,-30,0,22,8

37380,-30,0,22,8

37396,-30,0,22,8

37414,-30,0,22,8

37433,-30,0,22,8

37449,-30,0,22,8

37467,-30,0,22,8

37481,-30,0,22,8

37499,-30,0,22,8

37515,-30,0,22,8

37529,-30,0,22,8

37541,-30,0,22,8

37555,-30,0,22,8

37569,-30,0,22,8

37584,-30,0,22,8

37596,-30,0,22,8

37610,-30,0,22,8

37621,-30,0,22,8

37634,-30,0,22,8

37648,-30,0,22,8

37663,-30,0,22,8

37676,-30,0,22,8

37690,-30,0,22,8

37702,-30,0,22,8

37715,-30,0,22,8

37729,-30,0,22,8

37743,-30,0,22,8

37758,-30,0,22,8

37770,-30,0,22,8

37782,-30,0,22,8

37798,-30,0,22,8

37812,-30,0,22,8

37824,-30,0,22,8

37836,-30,0,22,8

37848,-30,0,22,8

37860,-30,0,22,8

37872,-30,0,-30,8

37885,-30,0,-30,8

37901,-30,0,22,8

37916,-30,0,22,8

37929,-30,0,22,8

37942,-30,0,22,8

37956,-30,0,22,8

37971,-30,0,22,8

37987,-30,0,22,5

38003,-30,0,22,5

38019,-30,0,22,8

38035,-30,0,22,8

38050,-30,0,22,8

38065,-30,0,22,8

38082,-30,0,22,8

38099,-30,0,22,8

38114,-30,0,22,8

38131,-30,0,22,8

38147,-30,0,22,8

38163,-30,0,22,8

38178,-30,0,22,8

38192,-30,0,22,8

38207,-30,0,22,8

38224,-30,0,22,8

38241,-30,0,22,8

38257,-30,0,22,8

38273,-30,0,22,8

38288,-30,0,22,8

38305,-30,0,22,8

38320,-30,0,22,8

38335,-30,0,22,8

38350,-30,0,22,8

38368,-30,0,22,8

38382,-30,0,22,8

38396,-30,0,22,8

38412,-30,0,22,8

38427,-30,0,22,8

38444,-30,0,22,8

38460,-30,0,22,8

38477,-30,0,22,8

38490,-30,0,22,8

38501,-30,0,22,8

38513,-30,0,22,8

38527,-30,0,22,8

38540,-30,0,22,8

38552,-30,0,22,8

38568,-30,0,22,8

38583,-30,0,22,8

38596,-30,0,22,8

38610,-30,0,22,8

38622,-30,0,22,8

38636,-30,0,22,8

38650,-30,0,22,8

38665,-30,0,22,8

38678,-30,0,22,8

38691,-30,0,22,8

38705,-30,0,22,8

38721,-30,0,22,8

38733,-30,0,22,8

38749,-30,0,22,8

38762,-30,0,22,8

38783,-30,0,22,8

38798,-30,0,22,8

38815,-30,0,22,8

38835,-30,0,22,8

38859,-30,0,22,8

38880,-30,0,22,8

38899,-30,0,22,8

38918,-30,0,22,8

38938,-30,0,22,8

38960,-30,0,22,8

38981,-30,0,22,8

39004,-30,0,22,8

39028,-30,0,22,8

39047,-30,0,22,8

39073,-30,0,22,8

39097,-30,0,22,8

39132,-30,0,22,8

39158,-30,0,22,8

39189,-30,0,22,8

39216,-30,0,22,8

39242,-30,0,22,8

39272,-30,0,22,8

39298,-30,0,22,8

39312,-30,0,-30,8

39327,-30,0,-30,8

39340,-30,0,22,8

39355,-30,0,22,8

39369,-30,0,22,8

39384,-30,0,22,8

39397,-30,0,22,8

39413,-30,0,22,8

39428,-30,0,22,5

39441,-30,0,22,5

39457,-30,0,22,8

39472,-30,0,22,8

39486,-30,0,22,8

39500,-30,0,22,8

39516,-30,0,22,8

39531,-30,0,22,8

39544,-30,0,22,8

39559,-30,0,22,8

39575,-30,0,22,8

39593,-30,0,22,8

39610,-30,0,22,8

39623,-30,0,22,8

39640,-30,0,22,8

39657,-30,0,22,8

39670,-30,0,22,8

39685,-30,0,22,8

39703,-30,0,22,8

39722,-30,0,22,8

39739,-30,0,22,8

39755,-30,0,22,8

39768,-30,0,22,8

39784,-30,0,22,8

39799,-30,0,22,8

39817,-30,0,22,8

39833,-30,0,22,8

39848,-30,0,22,8

39867,-30,0,22,8

39880,-30,0,22,8

39898,-30,0,22,8

39913,-30,0,22,8

39931,-30,0,22,8

39948,-30,0,22,8

39965,-30,0,22,8

39979,-30,0,22,8

39996,-30,0,22,8

40012,-30,0,22,8

40030,-30,0,22,8

40046,-30,0,22,8

40064,-30,0,22,8

40082,-30,0,22,8

40100,-30,0,22,8

40117,-30,0,22,8

40135,-30,0,22,8

40153,-30,0,22,8

40170,-30,0,22,8

40185,-30,0,22,8

40202,-30,0,22,8

40219,-30,0,22,8

40235,-30,0,22,8

40253,-30,0,22,8

40270,-30,0,22,8

40285,-30,0,22,8

40301,-30,0,22,8

40316,-30,0,22,8

40333,-30,0,22,8

40348,-30,0,22,8

40365,-30,0,22,8

40382,-30,0,22,8

40396,-30,0,22,8

40411,-30,0,22,8

40427,-30,0,22,8

40444,-30,0,22,8

40460,-30,0,22,8

40476,-30,0,22,8

40492,-30,0,22,8

40507,-30,0,22,8

40524,-30,0,22,8

40540,-30,0,22,8

40555,-30,0,22,8

40571,-30,0,22,8

40592,-30,0,22,8

40612,-30,0,22,8

40632,-30,0,22,8

40652,-30,0,22,8

40669,-30,0,-30,8

40688,-30,0,-30,8

40706,-30,0,22,8

40724,-30,0,22,8

40742,-30,0,22,8

40756,-30,0,22,8

40772,-30,0,22,8

40788,-30,0,22,8

40801,-30,0,22,5

40816,-30,0,22,5

40830,-30,0,22,8

40845,-30,0,22,8

40861,-30,0,22,8

40874,-30,0,22,8

40890,-30,0,22,8

40903,-30,0,22,8

40917,-30,0,22,8

40932,-30,0,22,8

40948,-30,0,22,8

40966,-30,0,22,8

40984,-30,0,22,8

41004,-30,0,22,8

41020,-30,0,22,8

41038,-30,0,22,8

41052,-30,0,22,8

41070,-30,0,22,8

41088,-30,0,22,8

41105,-30,0,22,8

41123,-30,0,22,8

41141,-30,0,22,8

41158,-30,0,22,8

41177,-30,0,22,8

41193,-30,0,22,8

41211,-30,0,22,8

41230,-30,0,22,8

41247,-30,0,22,8

41264,-30,0,22,8

41283,-30,0,22,8

41300,-30,0,22,8

41316,-30,0,22,8

41336,-30,0,22,8

41356,-30,0,22,8

41372,-30,0,22,8

41386,-30,0,22,8

41402,-30,0,22,8

41416,-30,0,22,8

41433,-30,0,22,8

41448,-30,0,22,8

41466,-30,0,22,8

41484,-30,0,22,8

41501,-30,0,22,8

41518,-30,0,22,8

41534,-30,0,22,8

41548,-30,0,22,8

41566,-30,0,22,8

41583,-30,0,22,8

41600,-30,0,22,8

41618,-30,0,22,8

41638,-30,0,22,8

41653,-30,0,22,8

41672,-30,0,22,8

41691,-30,0,22,8

41711,-30,0,22,8

41726,-30,0,22,8

41742,-30,0,22,8

41759,-30,0,22,8

41776,-30,0,22,8

41792,-30,0,22,8

41809,-30,0,22,8

41824,-30,0,22,8

41842,-30,0,22,8

41859,-30,0,22,8

41874,-30,0,22,8

41891,-30,0,22,8

41906,-30,0,22,8

41925,-30,0,22,8

41943,-30,0,22,8

41958,-30,0,22,8

41975,-30,0,22,8

41990,-30,0,22,8

42006,-30,0,22,8

42022,-30,0,22,8

42036,-30,0,22,8

42053,-30,0,22,8

42070,-30,0,-30,8

42087,-30,0,-30,8

42103,-30,0,22,8

42121,-30,0,22,8

42136,-30,0,22,8

42153,-30,0,22,8

42168,-30,0,22,8

42185,-30,0,22,8

42204,-30,0,22,5

42225,-30,0,22,5

42242,-30,0,22,8

42260,-30,0,22,8

42277,-30,0,22,8

42293,-30,0,22,8

42311,-30,0,22,8

42330,-30,0,22,8

42346,-30,0,22,8

42364,-30,0,22,8

42380,-30,0,22,8

42396,-30,0,22,8

42411,-30,0,22,8

42427,-30,0,22,8

42442,-30,0,22,8

42461,-30,0,22,8

42478,-30,0,22,8

42495,-30,0,22,8

42509,-30,0,22,8

42528,-30,0,22,8

42545,-30,0,22,8

42560,-30,0,22,8

42577,-30,0,22,8

42594,-30,0,22,8

42611,-30,0,22,8

42626,-30,0,22,8

42641,-30,0,22,8

42656,-30,0,22,8

42669,-30,0,22,8

42683,-30,0,22,8

42698,-30,0,22,8

42714,-30,0,22,8

42727,-30,0,22,8

42744,-30,0,22,8

42760,-30,0,22,8

42777,-30,0,22,8

42792,-30,0,22,8

42807,-30,0,22,8

42823,-30,0,22,8

42838,-30,0,22,8

42857,-30,0,22,8

42874,-30,0,22,8

42891,-30,0,22,8

42915,-30,0,22,8

42940,-30,0,22,8

42965,-30,0,22,8

42990,-30,0,22,8

43016,-30,0,22,8

43040,-30,0,22,8

43065,-30,0,22,8

43086,-30,0,22,8

43111,-30,0,22,8

43137,-30,0,22,8

43162,-30,0,22,8

43185,-30,0,22,8

43210,-30,0,22,8

43233,-30,0,22,8

43257,-30,0,22,8

43279,-30,0,22,8

43306,-30,0,22,8

43332,-30,0,22,8

43358,-30,0,22,8

43383,-30,0,22,8

43408,-30,0,22,8

43432,-30,0,22,8

43457,-30,0,22,8

43480,-30,0,22,8

43505,-30,0,22,8

43525,-30,0,22,8

43543,-30,0,22,8

43563,-30,0,22,8

43580,-30,0,22,8

43600,-30,0,22,8

43618,-30,0,22,8

43636,-30,0,22,8

43654,-30,0,22,8

43672,-30,0,-30,8

43691,-30,0,-30,8

43714,-30,0,22,8

43737,-30,0,22,8

43757,-30,0,22,8

43778,-30,0,22,8

43798,-30,0,22,8

43813,-30,0,22,8

43833,-30,0,22,5

43854,-30,0,22,5

43874,-30,0,22,8

43892,-30,0,22,8

43912,-30,0,22,8

43932,-30,0,22,8

43949,-30,0,22,8

43967,-30,0,22,8

43983,-30,0,22,8

43999,-30,0,22,8

44016,-30,0,22,8

44032,-30,0,22,8

44048,-30,0,22,8

44066,-30,0,22,8

44083,-30,0,22,8

44101,-30,0,22,8

44118,-30,0,22,8

44135,-30,0,22,8

44153,-30,0,22,8

44168,-30,0,22,8

44186,-30,0,22,8

44204,-30,0,22,8

44221,-30,0,22,8

44239,-30,0,22,8

44257,-30,0,22,8

44275,-30,0,22,8

44295,-30,0,22,8

44312,-30,0,22,8

44330,-30,0,22,8

44350,-30,0,22,8

44369,-30,0,22,8

44389,-30,0,22,8

44407,-30,0,22,8

44426,-30,0,22,8

44447,-30,0,22,8

44467,-30,0,22,8

44487,-30,0,22,8

44507,-30,0,22,8

44525,-30,0,22,8

44544,-30,0,22,8

44563,-30,0,22,8

44581,-30,0,22,8

44598,-30,0,22,8

44618,-30,0,22,8

44637,-30,0,22,8

44657,-30,0,22,8

44674,-30,0,22,8

44691,-30,0,22,8

44709,-30,0,22,8

44726,-30,0,22,8

44744,-30,0,22,8

44762,-30,0,22,8

44779,-30,0,22,8

44796,-30,0,22,8

44812,-30,0,22,8

44829,-30,0,22,8

44846,-30,0,22,8

44864,-30,0,22,8

44880,-30,0,22,8

44897,-30,0,22,8

44917,-30,0,22,8

44936,-30,0,22,8

44955,-30,0,22,8

44973,-30,0,22,8

44992,-30,0,22,8

45008,-30,0,22,8

45025,-30,0,22,8

45044,-30,0,22,8

45062,-30,0,22,8

45080,-30,0,22,8

45099,-30,0,22,8

45116,-30,0,22,8

45133,-30,0,22,8

45152,-30,0,22,8

45167,-30,0,22,8

45185,-30,0,22,8

45202,-30,0,-30,8

45220,-30,0,-30,8

45238,-30,0,22,8

45254,-30,0,22,8

45273,-30,0,22,8

45289,-30,0,22,8

45307,-30,0,22,8

45327,-30,0,22,8

45345,-30,0,22,5

45362,-30,0,22,5

45381,-30,0,22,8

45399,-30,0,22,8

45417,-30,0,22,8

45435,-30,0,22,8

45455,-30,0,22,8

45475,-30,0,22,8

45494,-30,0,22,8

45514,-30,0,22,8

45532,-30,0,22,8

45552,-30,0,22,8

45572,-30,0,22,8

45591,-30,0,22,8

45609,-30,0,22,8

45628,-30,0,22,8

45644,-30,0,22,8

45664,-30,0,22,8

45678,-30,0,22,8

45698,-30,0,22,8

45717,-30,0,22,8

45736,-30,0,22,8

45754,-30,0,22,8

45769,-30,0,22,8

45785,-30,0,22,8

45799,-30,0,22,8

45817,-30,0,22,8

45836,-30,0,22,8

45856,-30,0,22,8

45873,-30,0,22,8

45887,-30,0,22,8

45905,-30,0,22,8

45919,-30,0,22,8

45937,-30,0,22,8

45952,-30,0,22,8

45970,-30,0,22,8

45985,-30,0,22,8

46000,-30,0,22,8

46019,-30,0,22,8

46039,-30,0,22,8

46056,-30,0,22,8

46074,-30,0,22,8

46095,-30,0,22,8

46113,-30,0,22,8

46132,-30,0,22,8

46152,-30,0,22,8

46169,-30,0,22,8

46184,-30,0,22,8

46204,-30,0,22,8

46222,-30,0,22,8

46237,-30,0,22,8

46253,-30,0,22,8

46269,-30,0,22,8

46287,-30,0,22,8

46303,-30,0,22,8

46322,-30,0,22,8

46337,-30,0,22,8

46353,-30,0,22,8

46367,-30,0,22,8

46382,-30,0,22,8

46397,-30,0,22,8

46415,-30,0,22,8

46434,-30,0,22,8

46453,-30,0,22,8

46470,-30,0,22,8

46488,-30,0,22,8

46507,-30,0,22,8

46526,-30,0,22,8

46545,-30,0,22,8

46565,-30,0,22,8

46585,-30,0,22,8

46603,-30,0,22,8

46621,-30,0,22,8

46641,-30,0,22,8

46661,-30,0,22,8

46679,-30,0,22,8

46699,-30,0,-30,8

46718,-30,0,-30,8

46734,-30,0,22,8

46751,-30,0,22,8

46770,-30,0,22,8

46789,-30,0,22,8

46806,-30,0,22,8

46821,-30,0,22,8

46839,-30,0,22,5

46855,-30,0,22,5

46871,-30,0,22,7

46886,-30,0,22,7

46902,-30,0,22,7

46918,-30,0,22,7

46933,-30,0,22,7

46948,-30,0,22,7

46962,-30,0,22,7

46979,-30,0,22,7

46997,-30,0,22,7

47013,-30,0,22,7

47032,-30,0,22,7

47050,-30,0,22,7

47066,-30,0,22,7

47082,-30,0,22,7

47103,-30,0,22,7

47122,-30,0,22,7

47141,-30,0,22,7

47159,-30,0,22,7

47178,-30,0,22,7

47196,-30,0,22,7

47214,-30,0,22,7

47228,-30,0,22,7

47246,-30,0,22,7

47266,-30,0,22,7

47285,-30,0,22,7

47304,-30,0,22,7

47324,-30,0,22,7

47343,-30,0,22,7

47363,-30,0,22,7

47383,-30,0,22,7

47401,-30,0,22,7

47421,-30,0,22,7

47439,-30,0,22,7

47458,-30,0,22,7

47478,-30,0,22,7

47495,-30,0,22,7

47515,-30,0,22,7

47535,-30,0,22,7

47555,-30,0,22,7

47573,-30,0,22,7

47593,-30,0,22,7

47612,-30,0,22,7

47630,-30,0,22,7

47651,-30,0,22,7

47670,-30,0,22,7

47688,-30,0,22,7

47706,-30,0,22,7

47725,-30,0,22,7

47743,-30,0,22,7

